2 567.5 421 283 137
31 820.5 90 211 52
35 710 113 60 34
39 104.5 247 131 77
40 146.5 281 139 68
42 673.5 89 73 24
43 628 105 78 32
44 580 117 78 27
45 319 204 126 53
46 348 230 128 56
47 219 313 158 77
48 568 95 74 31
49 458 117 88 31
50 548.5 156 107 51
51 524 191 112 43
52 447 104 76 33
53 541.5 231 121 53
54 851.5 105 219 56
55 802 138 222 74
56 313 112 84 30
57 282 151 112 42
58 726.5 171 97 42
59 275.5 132 85 30
60 797 190 116 50
61 122 141 90 32
62 36 190 70 48
63 102 129 82 26
64 940 149 42 37
