2 567 424 276 138
31 845.5 82 189 50
35 695 112 54 29
39 55.5 264 109 78
40 80 310 158 80
42 691 91 78 27
43 655 101 62 30
44 596 117 78 29
45 259.5 217 131 53
46 289.5 242 129 55
47 114 343 172 84
48 589 94 64 29
49 473 117 88 32
50 500 164 112 55
51 483.5 197 115 42
52 471.5 101 77 30
53 444.5 256 131 64
54 848.5 108 225 56
55 762 141 222 76
56 345.5 113 85 32
57 333 144 104 38
58 681 180 96 45
59 306.5 134 87 33
60 731 200 118 49
61 162.5 140 89 32
62 63 185 124 47
63 163.5 128 85 29
64 909.5 154 103 36
