2 570 417 282 136
42 742.5 89 43 25
43 710.5 93 49 29
44 681 101 48 30
46 20 303 38 48
48 683 94 54 35
49 548 108 64 27
50 205.5 221 133 72
51 212.5 258 135 62
52 574.5 93 61 31
53 32.5 365 63 78
54 788 122 242 72
55 522.5 174 265 100
56 452.5 94 81 22
57 459 120 72 31
58 433 220 116 57
59 412.5 115 65 27
60 261 296 162 78
61 290 127 86 30
62 307 148 104 43
63 342 109 76 28
64 612.5 215 121 56
65 207.5 118 77 29
66 153.5 135 95 34
67 785.5 181 105 45
68 397.5 91 77 26
69 862 141 74 39
70 83.5 179 83 45
