2 567 424 280 139
31 831 86 204 51
35 711 112 48 32
39 71 257 140 80
40 117 292 144 74
42 684.5 92 77 27
43 638.5 105 71 30
44 587.5 118 79 31
45 295.5 210 131 53
46 323 234 128 54
47 173 324 158 79
48 576.5 96 69 32
49 467.5 118 83 34
50 526.5 158 109 52
51 505 195 112 46
52 458.5 103 75 31
53 497 243 124 60
54 848 109 226 61
55 784 141 224 74
56 326.5 111 85 30
57 304 149 104 40
58 704.5 177 97 45
59 292 133 88 35
60 767.5 196 113 49
61 142.5 142 91 33
62 48.5 194 95 54
63 133.5 128 81 26
64 926.5 151 69 36
