2 567 424 276 138
31 839 82 196 47
35 707 114 52 32
39 64 261 126 79
40 99 301 150 77
42 687 91 74 27
43 644 103 62 29
44 590 118 80 31
45 277.5 215 131 55
46 305.5 237 129 53
47 143.5 332 165 79
48 582.5 95 67 30
49 470.5 119 85 34
50 513 162 110 53
51 495 197 116 44
52 465.5 103 77 32
53 471.5 249 125 62
54 848.5 108 225 59
55 773.5 142 225 77
56 336.5 114 85 32
57 319 148 104 42
58 692 179 96 45
59 299.5 136 87 36
60 750 197 116 47
61 152.5 141 87 32
62 56.5 189 111 51
63 149 129 80 28
64 918 154 86 38
