2 570 417 282 136
42 838 75 46 24
43 785 84 50 24
44 757.5 94 51 34
48 793.5 86 57 34
49 606 106 78 33
50 77 262 152 87
51 101 290 150 71
52 623 91 56 30
54 715 127 276 70
55 427.5 194 287 106
56 486 95 70 24
57 479.5 119 71 35
58 313.5 247 127 62
59 458.5 116 69 32
60 113.5 335 183 85
61 327 121 72 27
62 350 137 84 36
63 368 106 74 26
64 448.5 259 147 65
65 237.5 114 77 26
66 193.5 134 91 37
67 677 201 112 49
68 586 82 64 26
69 722.5 160 75 41
70 205 158 76 41
71 102 131 92 32
72 911.5 179 99 44
