2 570 417 282 136
42 758.5 86 53 26
43 722.5 94 51 26
44 677.5 100 49 32
45 22.5 269 43 48
46 34 310 66 62
48 675 87 52 31
49 543.5 106 63 26
50 231.5 212 131 67
51 240 248 134 57
52 566 94 66 31
53 48.5 364 95 87
54 797.5 119 245 68
55 546.5 166 259 94
56 443.5 97 79 25
57 464.5 125 73 35
58 466 213 114 52
59 402 120 68 29
60 305 284 156 75
61 279.5 126 85 28
62 292.5 145 103 38
63 335 109 78 26
64 647.5 205 115 49
65 195.5 117 81 26
66 145 137 92 37
67 812 176 102 39
68 343 94 80 26
69 895.5 134 71 34
70 43 187 84 45
