2 568.5 418 283 136
31 801.5 89 221 52
35 707 111 56 29
37 14.5 272 27 50
39 153.5 229 121 69
40 198.5 266 137 65
41 49.5 365 97 86
42 660 91 76 28
43 602.5 103 69 30
44 563 120 74 33
45 367 193 118 48
46 389.5 219 123 49
47 303 287 152 73
48 549.5 97 69 33
49 443.5 118 85 30
50 586.5 148 107 51
51 557 188 110 47
52 425.5 103 73 30
53 617.5 218 113 52
54 851.5 112 219 63
55 837.5 132 221 72
56 288 112 84 28
57 238 160 108 46
58 769.5 166 91 41
59 241 134 90 31
60 851.5 182 109 47
61 83.5 146 93 32
