2 570 417 282 136
42 737.5 88 49 28
43 688.5 100 51 28
44 639.5 104 47 29
45 77.5 266 153 68
46 86.5 296 149 71
48 642.5 92 57 32
49 526.5 114 75 33
50 326.5 192 123 61
51 337 227 128 53
52 534.5 95 69 31
53 150.5 333 155 85
54 831 113 224 62
55 629.5 153 247 85
56 415.5 100 83 25
57 445.5 127 99 36
58 549.5 196 109 50
59 370.5 124 75 32
60 459.5 247 143 61
61 241.5 131 85 32
62 226.5 157 105 42
63 292 112 80 29
64 740.5 183 107 46
65 149 122 80 26
66 97.5 141 93 36
67 913 158 96 39
68 152.5 108 85 24
