2 570 417 282 136
42 835 75 46 24
43 780 86 52 26
44 747 95 52 34
48 785 86 58 33
49 605.5 107 77 34
50 78.5 260 155 86
51 103.5 288 149 70
52 623 93 60 32
54 717 126 274 70
55 429.5 192 285 105
56 485 95 70 24
57 480.5 118 71 34
58 316.5 247 127 63
59 457.5 117 71 33
60 117 335 182 86
61 326 120 72 27
62 350 138 86 37
63 368 107 74 27
64 454 258 146 65
65 237.5 115 77 27
66 193.5 134 91 37
67 680 201 112 49
68 582.5 83 65 27
69 726.5 160 75 42
70 203.5 158 77 41
71 101.5 130 93 31
72 913 179 96 45
