2 567.5 422 283 139
31 817.5 93 215 55
35 709.5 113 61 36
39 112 243 130 77
40 157.5 279 143 67
42 672 89 72 26
43 619.5 101 67 28
44 576.5 117 77 27
45 328.5 203 125 52
46 358.5 228 127 55
47 235.5 309 157 77
48 565 94 72 31
49 456 117 90 31
50 556.5 155 103 53
51 531 192 110 45
52 443.5 105 75 34
53 557 229 120 56
54 853 106 216 58
55 808 135 220 76
56 310.5 113 85 32
57 274 153 110 43
58 733.5 171 95 44
59 270.5 134 89 32
60 808.5 190 111 51
61 113.5 141 93 33
62 31.5 190 61 46
64 943.5 149 35 35
