2 567.5 424 279 139
31 832 84 202 49
35 710.5 114 47 33
39 69.5 258 137 80
40 113.5 293 145 74
42 685.5 91 75 27
43 639.5 104 69 30
44 588 119 80 32
45 292.5 212 131 54
46 320 234 128 53
47 168 325 160 78
48 577.5 96 69 32
49 467.5 118 83 34
50 523.5 159 109 52
51 503 196 114 46
52 460.5 103 75 32
53 492 245 124 61
54 848 109 226 61
55 781.5 141 225 74
56 328.5 112 85 30
57 307 150 104 42
58 701.5 177 97 45
59 293 134 88 36
60 764 196 114 48
61 145 142 90 33
62 50 193 98 54
63 136.5 128 81 27
64 925 152 72 37
