2 568 425 278 141
31 851.5 82 185 50
35 693 110 50 29
39 46 267 90 77
40 72 313 142 77
42 695 92 76 29
43 667.5 103 69 35
44 600.5 116 75 29
45 242.5 221 133 53
46 273.5 246 129 55
47 88.5 352 175 87
48 594.5 94 65 29
49 479 115 90 31
50 484 164 112 53
51 472 201 114 44
52 478 100 76 29
53 417 265 136 68
54 845 107 232 57
55 750.5 141 227 73
56 352 112 84 31
57 345 144 106 39
58 669.5 180 97 45
59 313.5 133 89 33
60 710 205 122 53
61 170 140 90 34
62 84.5 182 115 45
63 177 123 86 28
64 889 157 98 37
