2 570 417 282 136
42 758 87 52 27
43 722.5 94 55 26
44 667 98 48 30
45 36 268 70 53
46 43.5 305 85 61
48 670.5 89 59 32
49 550.5 109 57 27
50 253.5 207 131 67
51 262 244 130 56
52 558.5 97 65 33
53 63 363 124 90
54 809 118 240 70
55 565 168 260 96
56 436 98 80 25
57 465 130 82 40
58 489 208 114 51
59 397 119 74 30
60 340.5 278 155 77
61 270.5 126 85 28
62 278 147 102 39
63 328.5 110 79 26
64 671.5 200 111 51
65 186 119 78 29
66 136 137 92 36
67 834 173 100 42
68 300.5 100 79 28
69 922 132 78 34
70 23.5 185 45 39
