2 570 417 282 136
42 747 85 50 26
43 715.5 95 51 28
44 671.5 98 49 29
45 28 270 54 55
46 38.5 308 75 62
48 671.5 91 55 33
49 548.5 104 61 26
50 241 210 130 67
51 249 247 132 60
52 562.5 95 67 33
53 55.5 363 109 88
54 802 118 242 67
55 555.5 171 257 98
56 440.5 99 79 28
57 468.5 131 81 40
58 475 210 112 51
59 401 120 70 29
60 320 282 152 75
61 277 125 86 29
62 287 145 100 37
63 332 111 82 28
64 660 202 112 52
65 190 119 80 29
66 141 137 92 36
67 820.5 173 99 38
68 324.5 95 81 27
69 904.5 134 69 35
70 35 189 68 46
