2 569 418 282 137
31 757.5 96 239 60
35 701.5 111 79 29
36 70.5 286 139 68
37 87 243 128 52
39 273 196 114 61
40 313.5 228 125 49
41 240 296 150 73
42 622 94 80 30
43 554.5 104 77 29
44 524.5 122 87 33
45 479 167 112 40
46 470.5 202 121 52
47 502.5 233 133 56
48 493 98 72 33
49 386.5 120 89 31
50 679.5 135 97 45
51 658.5 170 107 40
52 354 109 74 33
53 769.5 192 103 49
54 868.5 112 185 64
55 876.5 130 169 71
56 200.5 118 87 29
57 115 176 122 47
58 878.5 153 89 40
59 131.5 139 91 32
60 935 168 52 44
