2 568 426 278 142
31 857 81 182 46
35 692.5 110 53 31
39 39 268 76 75
40 64 309 126 68
42 692.5 94 73 32
43 672.5 104 71 37
44 604.5 114 75 30
45 229.5 225 137 55
46 259 250 130 57
47 77.5 362 153 91
48 596.5 95 63 30
49 484 114 90 30
50 472 166 112 52
51 463 202 114 45
52 483.5 100 77 29
53 395.5 270 135 72
54 845 107 232 57
55 742.5 142 229 74
56 359.5 111 83 32
57 354 142 106 40
58 658.5 181 97 46
59 317 132 88 33
60 691 206 122 53
61 178 140 90 34
62 97 180 116 45
63 189.5 120 83 25
64 876 158 100 39
