2 570 417 282 136
42 752.5 85 51 26
43 719.5 95 53 27
44 669.5 97 49 29
45 32 269 62 54
46 41 306 80 61
48 671.5 90 57 33
49 549.5 106 59 26
50 247.5 208 131 67
51 255.5 245 131 58
52 560 96 66 33
53 59 363 116 89
54 805.5 117 241 68
55 560 169 258 97
56 438.5 98 79 26
57 466.5 130 81 40
58 482.5 209 113 51
59 399 120 72 30
60 331 280 154 76
61 273.5 125 85 28
62 282.5 146 101 38
63 330 111 80 27
64 666 201 112 51
65 188.5 119 79 29
66 138 137 92 36
67 828 173 100 40
68 312 97 80 27
69 911 134 68 35
70 29.5 187 57 42
