2 567 424 282 139
31 827 88 208 53
35 709 112 50 32
39 83.5 253 135 79
40 128 287 140 72
42 682 91 80 26
43 635.5 106 77 31
44 585.5 117 79 30
45 305 207 130 52
46 333 233 128 56
47 190 320 156 80
48 572.5 96 69 33
49 465 117 84 33
50 535.5 157 109 52
51 512 193 110 46
52 454 102 74 30
53 514 239 124 57
54 849 108 224 59
55 791.5 140 221 73
56 322 111 86 30
57 296 148 106 38
58 712 175 98 44
59 287 131 88 33
60 778.5 194 113 50
61 135 142 92 33
62 43 195 84 53
63 122.5 128 83 26
64 932 149 58 35
