2 570 417 282 136
42 761.5 86 53 26
43 725.5 94 51 26
44 678.5 101 49 33
45 20.5 269 39 46
46 32.5 310 63 62
48 676 85 50 30
49 541.5 106 63 26
50 228.5 212 131 66
51 236.5 249 135 56
52 567 93 66 30
53 46 365 90 87
54 796.5 118 245 68
55 544 165 260 93
56 444.5 96 79 24
57 464.5 124 71 34
58 463.5 213 115 52
59 403 120 68 29
60 300 285 158 75
61 281.5 127 85 28
62 295 145 104 38
63 335.5 108 77 26
64 644 205 116 48
65 197 116 82 25
66 146.5 138 93 38
67 809.5 176 103 39
68 348.5 93 79 26
69 891.5 135 71 34
70 45.5 186 89 45
