2 569.5 417 281 137
31 755.5 97 239 62
35 700 112 80 30
36 72 286 142 68
37 90 243 128 52
39 276.5 195 113 61
40 317.5 226 125 48
41 245.5 294 149 73
42 620.5 93 79 29
43 554.5 104 79 29
44 522.5 123 87 34
45 481.5 165 113 39
46 473.5 200 121 51
47 507 231 132 56
48 491.5 98 73 33
49 384.5 120 89 31
50 681.5 134 97 44
51 661.5 169 107 40
52 352 109 74 33
53 773.5 193 103 50
54 869 112 184 63
55 877 129 168 71
56 197.5 118 89 29
57 110.5 177 123 48
58 880.5 153 89 40
59 129 139 90 31
60 936.5 167 49 43
