2 570 417 282 136
42 842 74 46 24
43 791 83 50 23
44 768.5 94 51 34
48 799 85 56 34
49 613 103 78 31
50 73 264 144 88
51 95 292 152 71
52 628 90 52 29
54 711.5 128 277 70
55 423 195 288 108
56 488 95 70 24
57 479 118 70 35
58 307.5 249 127 63
59 461.5 115 67 32
60 106.5 337 183 85
61 328.5 121 71 27
62 352 137 82 35
63 369 106 74 26
64 438.5 261 149 65
65 239 113 76 25
66 196 135 90 38
67 670.5 202 113 48
68 595.5 81 65 25
69 715.5 160 75 40
70 209.5 158 75 41
71 104.5 130 91 31
72 908 178 106 43
