2 568 423 278 142
31 794.5 94 225 58
35 709 112 66 29
36 14 295 26 47
37 24.5 266 47 53
39 174 221 120 67
40 219.5 259 133 63
41 69 352 136 84
42 654.5 91 75 28
43 593.5 104 77 30
44 560.5 121 81 34
45 385.5 189 119 45
46 403 213 122 48
47 339.5 278 149 71
48 542.5 97 73 32
49 436.5 119 85 34
50 602.5 147 103 48
51 570.5 184 111 44
52 416 103 76 30
53 644.5 213 111 52
54 854.5 115 213 67
55 850 132 222 74
56 276.5 116 85 31
57 220 158 110 41
58 785.5 164 91 42
59 223.5 135 93 33
60 871.5 177 107 43
