2 568.5 422 279 139
31 790.5 96 227 61
35 709 112 66 29
36 21.5 300 41 58
37 29.5 262 57 53
39 184 217 120 68
40 228.5 256 129 64
41 78.5 351 155 88
42 651 92 78 30
43 587 104 78 30
44 558.5 121 85 35
45 393 186 120 43
46 409 212 122 50
47 356.5 273 145 68
48 538 98 78 34
49 432.5 119 85 33
50 610.5 145 103 46
51 577.5 186 111 46
52 411.5 108 77 34
53 658.5 211 115 55
54 853.5 112 215 65
55 852 137 218 80
56 271 116 84 31
57 213 156 112 39
58 794.5 163 91 40
59 213.5 136 95 34
60 881.5 178 109 46
