2 570 417 282 136
42 755 86 52 26
43 720.5 95 51 27
44 675.5 99 49 31
45 24.5 270 47 51
46 35.5 309 69 62
48 674.5 88 53 32
49 545 105 62 26
50 235 212 130 67
51 242.5 248 133 58
52 565.5 94 67 32
53 50.5 364 99 88
54 799 119 244 68
55 549 168 258 96
56 442.5 98 79 26
57 466 127 76 37
58 469 212 114 52
59 402.5 120 69 29
60 310.5 284 155 75
61 278.5 125 85 28
62 291 145 102 38
63 334 110 80 27
64 652 204 114 50
65 193.5 117 81 27
66 143 137 92 37
67 814.5 175 101 39
68 337 94 80 26
69 898 135 70 35
70 40.5 187 79 45
