2 568.5 422 285 141
31 746 98 240 64
35 693.5 114 87 31
36 96 275 136 67
37 110.5 232 125 46
39 292.5 188 113 58
40 332.5 217 127 43
41 279 284 152 72
42 614.5 91 85 28
43 546.5 102 79 27
44 513 123 84 32
45 496 163 114 40
46 487.5 197 115 50
47 535.5 231 125 60
48 481 96 74 32
49 369 122 90 33
50 691 134 100 45
51 679 168 102 42
52 334.5 109 67 38
53 794.5 189 103 46
54 871.5 108 179 59
55 884 130 154 71
56 178.5 119 87 35
57 87 180 120 46
58 901 149 94 37
59 109.5 138 91 31
60 942.5 163 37 36
