2 570 417 282 136
42 843.5 78 49 27
43 812 84 48 24
44 764.5 93 49 32
48 789 85 46 30
49 625.5 100 69 26
50 54.5 268 107 83
51 72 295 142 66
52 649 90 50 28
54 690.5 131 283 70
55 397 194 288 113
56 499 98 76 23
57 509 119 80 35
58 283.5 256 127 64
59 475 115 72 31
60 86 349 170 88
61 340.5 123 69 30
62 366.5 136 79 37
63 378 107 76 30
64 399.5 271 151 70
65 242 113 74 26
66 205 137 92 40
67 642.5 205 113 46
68 631 81 66 30
69 681 168 80 45
70 229 157 72 43
71 119.5 131 91 33
72 880.5 184 109 44
