2 568 425 278 140
31 848.5 82 187 52
35 692.5 111 47 29
39 49.5 267 97 79
40 76 315 150 81
42 696.5 89 77 26
43 663 101 66 33
44 600 118 76 29
45 250 219 130 52
46 282 242 128 53
47 94 345 186 84
48 593.5 94 65 29
49 477 115 90 31
50 489.5 163 113 53
51 476 200 114 44
52 475.5 100 75 29
53 427 261 136 65
54 845 108 232 58
55 754.5 141 225 72
56 348 112 84 30
57 341 145 106 37
58 674.5 180 97 45
59 311 133 88 32
60 720 203 122 52
61 167.5 141 91 34
62 77.5 183 113 45
63 171 126 88 31
64 896 157 96 35
