2 567.5 420 283 140
31 743.5 96 241 61
35 690.5 113 79 31
36 103 273 134 65
37 117.5 232 125 49
39 298.5 189 111 60
40 336.5 219 127 45
41 289.5 281 149 70
42 610.5 90 83 26
43 543 102 78 28
44 510 123 84 32
45 502 162 114 40
46 492 196 116 50
47 543.5 230 125 61
48 476 97 72 32
49 364.5 122 89 33
50 695.5 131 99 44
51 684.5 167 101 42
52 332.5 111 73 37
53 801.5 187 103 47
54 873.5 107 175 59
55 886 130 150 73
56 173.5 120 87 33
57 80.5 182 123 47
58 910.5 149 101 38
59 103 139 90 31
60 945 162 32 35
