2 567 425 282 140
31 827.5 87 207 53
35 709 112 48 32
39 74 255 146 80
40 123.5 289 141 74
42 683.5 92 81 27
43 636 107 76 31
44 586.5 117 79 31
45 302.5 207 131 51
46 331 233 128 55
47 185 322 156 81
48 574 96 68 33
49 466.5 117 83 34
50 532.5 157 109 52
51 509 194 110 47
52 455 103 74 30
53 508.5 241 125 59
54 848.5 109 225 60
55 788.5 139 221 72
56 324 111 86 30
57 298 147 104 37
58 709 176 98 45
59 288 131 88 34
60 775 195 112 50
61 138.5 143 93 34
62 44.5 196 87 54
63 126.5 128 83 26
64 930 149 62 34
