2 568 425 276 138
31 845 81 190 49
35 696 114 56 30
39 57.5 263 113 78
40 81.5 308 161 80
42 689 92 78 27
43 652 103 60 30
44 594 117 78 29
45 262.5 216 131 53
46 292 241 130 55
47 118.5 341 171 83
48 587.5 94 63 29
49 473 118 88 33
50 503.5 164 111 55
51 487 196 116 41
52 469.5 101 77 30
53 451 254 130 63
54 849.5 108 223 55
55 765 141 222 77
56 344.5 113 85 32
57 331 144 104 38
58 683.5 180 95 45
59 305 133 86 33
60 734.5 199 117 48
61 160 140 88 32
62 61.5 185 121 47
63 160.5 128 83 28
64 911 154 100 37
