2 570 417 282 136
42 751.5 88 49 26
43 715 93 50 27
44 679.5 101 47 31
46 26.5 305 51 53
48 681.5 93 53 36
49 542.5 106 65 25
50 218 215 132 67
51 224.5 253 133 58
52 571 92 64 30
53 39.5 366 77 84
54 791.5 121 241 72
55 532.5 170 261 98
56 449.5 95 79 22
57 460.5 123 69 31
58 448 217 114 54
59 408 119 66 30
60 281 290 160 76
61 285.5 127 85 28
62 301 147 104 41
63 339 109 76 27
64 628 210 118 52
65 202 116 80 26
66 150.5 136 95 36
67 797.5 179 105 43
68 374 91 78 25
69 876.5 138 73 37
70 65 183 84 47
