2 570 417 282 136
42 765 88 54 27
43 727.5 94 51 26
44 680.5 101 49 34
45 18.5 269 35 44
46 31 311 60 62
48 677.5 84 49 30
49 540 108 64 27
50 225.5 213 131 66
51 232.5 249 135 55
52 568 93 66 30
53 43.5 364 85 86
54 795 118 246 68
55 541 163 260 92
56 445.5 96 79 23
57 463 122 68 32
58 460 214 116 52
59 403.5 120 67 29
60 294.5 287 159 76
61 282 127 84 28
62 296 145 104 38
63 337 108 76 26
64 639.5 206 117 47
65 199 116 82 24
66 147.5 137 93 38
67 805.5 177 103 39
68 355.5 93 79 26
69 887.5 135 71 34
70 48 186 94 45
