2 567.5 425 275 138
31 844.5 81 191 48
35 697.5 114 59 30
39 59.5 263 117 78
40 82.5 307 163 80
42 688.5 93 79 28
43 649.5 103 59 29
44 593.5 116 79 29
45 266.5 215 131 53
46 294 241 130 55
47 123.5 340 171 83
48 586.5 94 63 29
49 471.5 118 87 33
50 506.5 164 111 55
51 489 195 116 40
52 468 102 78 31
53 457 253 128 63
54 850.5 107 221 54
55 767.5 141 221 78
56 343.5 114 85 33
57 327.5 144 103 38
58 685.5 180 95 45
59 302.5 133 85 33
60 739 197 116 47
61 158.5 140 87 31
62 60 187 118 48
63 158 129 82 28
64 912.5 153 97 37
