2 570 417 282 136
42 761 88 52 28
43 725 94 56 26
44 666 97 48 30
45 38 267 74 52
46 44.5 304 87 61
48 670 89 60 32
49 551 111 56 28
50 256.5 206 131 67
51 265.5 243 129 55
52 557.5 97 65 33
53 65 364 128 91
54 810.5 117 239 70
55 567 167 260 96
56 435 98 80 24
57 464 129 82 39
58 492.5 208 115 51
59 395.5 120 75 31
60 346 277 156 78
61 269 126 84 28
62 275 147 102 39
63 327 110 78 26
64 674.5 198 111 50
65 185 119 78 29
66 135 137 92 36
67 837 173 100 43
68 294.5 102 79 29
69 923.5 132 75 34
70 20.5 184 39 37
