2 570 417 282 136
42 742 88 42 24
43 713.5 94 49 29
44 681.5 101 49 31
46 18.5 305 35 49
48 683.5 91 53 32
49 549.5 109 63 29
50 201.5 223 133 74
51 209.5 259 137 63
52 576 94 60 31
53 30.5 363 59 75
54 787 122 244 71
55 520 173 266 99
56 452.5 94 81 23
57 459 120 72 32
58 429.5 221 117 58
59 413 115 64 26
60 256.5 296 163 78
61 291.5 127 87 31
62 309 147 104 43
63 342 109 76 28
64 609 216 122 57
65 208.5 118 77 29
66 155 136 94 34
67 783.5 181 105 45
68 402 90 76 26
69 859 141 74 38
70 88.5 177 83 43
