2 567.5 421 283 138
31 819 92 214 54
35 709 113 60 35
39 110 244 130 77
40 153.5 280 141 68
42 673 89 72 25
43 622.5 102 71 29
44 577.5 117 77 27
45 324.5 203 125 52
46 354.5 228 127 55
47 230.5 310 157 77
48 565.5 94 73 31
49 456.5 117 89 31
50 553 155 104 52
51 528.5 193 111 45
52 444.5 105 75 34
53 552 230 120 55
54 852.5 105 217 57
55 805.5 136 221 75
56 311.5 112 85 31
57 276.5 152 111 43
58 732 171 96 43
59 273 133 88 31
60 804.5 191 113 51
61 116 142 92 33
62 33 190 64 47
64 942 149 38 36
