2 568 425 276 142
31 858 79 180 47
35 693 109 52 32
39 35.5 269 69 77
40 60.5 304 119 62
42 691.5 90 69 30
43 669.5 102 69 35
44 608.5 113 77 30
45 224 227 136 57
46 252.5 250 129 57
47 72.5 363 143 91
48 596.5 93 61 29
49 484.5 114 87 30
50 465.5 165 113 50
51 459 205 114 48
52 485 102 74 31
53 384.5 272 135 73
54 844 108 234 57
55 736.5 143 229 74
56 362 109 82 31
57 359.5 141 105 39
58 654 181 98 45
59 318 131 84 32
60 683.5 208 123 54
61 181 140 90 33
62 103.5 181 113 47
63 194 120 82 25
64 869 158 100 39
