2 570 417 282 136
42 844.5 76 49 25
43 801 83 52 24
44 768.5 95 51 33
48 785.5 85 53 31
49 633.5 97 69 26
50 60 265 118 84
51 76.5 295 151 68
52 647.5 89 49 28
54 696 129 276 69
55 405.5 191 287 110
56 493 96 72 24
57 492 116 74 33
58 291 254 126 65
59 471 115 70 33
60 90 344 178 88
61 337.5 123 67 30
62 362 136 80 34
63 375 108 76 29
64 412 269 152 70
65 242 114 74 25
66 203 136 90 39
67 652.5 202 115 44
68 619.5 81 67 27
69 692 165 78 42
70 223 158 72 42
71 114.5 129 91 30
72 889.5 181 109 44
