2 567.5 421 283 138
31 819.5 91 213 53
35 710 112 60 34
39 107.5 246 131 77
40 150 280 140 68
42 673.5 89 73 25
43 625 103 74 30
44 578.5 117 77 27
45 321.5 203 125 52
46 352 229 128 56
47 224.5 311 157 77
48 566.5 95 73 31
49 457.5 117 89 31
50 551 155 106 51
51 526.5 192 111 44
52 446 104 76 33
53 546.5 230 121 54
54 852 106 218 57
55 804 137 222 75
56 312.5 113 85 31
57 279.5 151 111 42
58 729 171 96 43
59 274.5 133 87 31
60 800 190 114 50
61 119.5 141 91 32
62 34.5 190 67 47
64 941 150 40 37
