2 568.5 420 283 140
31 743 94 242 59
35 689.5 113 75 32
36 107.5 272 133 64
37 121.5 233 125 51
39 302 190 110 61
40 338.5 220 127 46
41 295.5 280 147 69
42 609 89 82 25
43 541.5 103 77 29
44 508 123 84 32
45 504.5 161 115 39
46 494 195 116 50
47 547.5 229 125 62
48 475 96 72 31
49 362.5 121 89 32
50 698 131 98 44
51 687.5 167 101 42
52 330.5 111 75 36
53 805.5 186 103 47
54 874.5 106 173 59
55 887 129 148 74
56 171.5 120 87 31
57 77 183 124 47
58 911.5 149 99 38
59 99 139 90 31
60 946 161 30 34
