2 567 421 282 137
31 822.5 89 209 52
35 709.5 112 57 33
39 97 249 132 77
40 139 283 138 69
42 676.5 89 75 24
43 632 106 80 33
44 582 116 78 27
45 313.5 205 127 53
46 342 231 128 56
47 207.5 316 157 78
48 569.5 95 73 31
49 460.5 117 87 32
50 543 155 108 50
51 520 191 112 43
52 450 104 76 32
53 531 233 122 53
54 850.5 105 221 56
55 798 138 222 73
56 316.5 112 85 30
57 287 150 110 41
58 721 172 98 42
59 279.5 131 85 31
60 789 192 116 50
61 126.5 142 89 32
62 39 190 76 49
63 110.5 128 83 26
64 937 149 48 37
