2 570 417 282 136
42 750.5 85 51 26
43 717.5 94 51 27
44 673.5 99 49 30
45 26.5 270 51 53
46 37 309 72 62
48 673 89 54 32
49 546.5 105 61 26
50 238 211 130 67
51 246.5 247 133 59
52 563.5 94 67 32
53 53 364 104 88
54 800.5 118 243 67
55 552 169 258 97
56 441.5 99 79 27
57 467 129 78 39
58 472.5 211 113 51
59 402 120 70 29
60 316 283 154 75
61 278 126 86 29
62 288.5 145 101 37
63 333.5 110 81 27
64 655.5 203 113 51
65 192 118 80 28
66 142 138 92 37
67 818 175 100 39
68 330.5 94 81 26
69 902 135 70 35
70 37.5 189 73 46
