2 568 427 278 143
31 856.5 82 183 46
35 693 110 54 30
39 41 267 80 74
40 66 311 130 71
42 692.5 96 75 33
43 674 104 72 37
44 602 114 74 30
45 232 224 138 54
46 262 249 130 56
47 80 362 158 91
48 596 95 64 30
49 482.5 115 91 31
50 474.5 165 111 52
51 466 202 114 44
52 482.5 100 79 29
53 401 268 134 71
54 845.5 106 231 56
55 744.5 141 229 74
56 358.5 112 83 33
57 352.5 141 107 40
58 660.5 180 97 46
59 317.5 133 91 34
60 696 206 122 53
61 176 140 90 34
62 93.5 180 117 45
63 186.5 119 83 24
64 879 157 100 39
