2 569.5 417 285 134
31 802 88 220 51
35 705.5 111 53 29
37 12.5 273 23 49
39 151 230 122 69
40 195 268 138 66
41 46.5 368 91 87
42 661.5 92 77 29
43 604.5 103 67 30
44 563 120 72 33
45 364 193 118 48
46 387 220 124 49
47 297 289 152 74
48 550.5 96 69 33
49 444.5 118 85 29
50 584 148 108 51
51 555 189 110 48
52 426 105 72 31
53 613 219 114 53
54 850.5 111 221 62
55 833.5 132 219 72
56 291 112 84 28
57 242 160 108 47
58 766.5 166 91 40
59 244 134 90 31
60 848 183 110 48
61 87.5 146 93 32
62 11.5 192 21 34
