2 567.5 425 277 139
31 847 81 188 50
35 694 112 52 29
39 53.5 264 105 78
40 79 312 156 81
42 693 90 78 26
43 657.5 101 63 31
44 597.5 117 77 29
45 256.5 218 131 53
46 286.5 242 129 54
47 108.5 344 173 84
48 591 94 64 29
49 474.5 117 89 32
50 496 163 112 54
51 481.5 197 115 42
52 473 101 76 30
53 439.5 258 133 64
54 847 107 228 56
55 759.5 142 223 75
56 346.5 113 85 31
57 335.5 145 105 38
58 679 180 96 45
59 307.5 133 87 32
60 727.5 201 119 50
61 163.5 141 89 33
62 72 184 114 46
63 166 127 86 30
64 901 155 94 36
