2 570 417 282 136
42 844.5 77 47 26
43 815.5 85 49 25
44 765 95 50 32
48 787 85 48 30
49 626 99 68 26
50 52 269 102 84
51 70.5 296 139 66
52 652 90 50 28
54 687.5 132 283 72
55 393.5 195 287 112
56 500 98 76 24
57 509.5 119 81 35
58 281 257 128 64
59 476.5 115 71 31
60 84 350 166 88
61 342.5 122 69 30
62 366 136 78 36
63 379.5 107 75 29
64 396 273 152 71
65 242 113 72 25
66 205.5 137 91 40
67 638 206 114 46
68 635 81 66 29
69 677 167 80 44
70 230.5 158 71 43
71 120.5 131 91 32
72 877.5 183 109 43
