2 567.5 423 283 140
31 816 93 216 55
35 708.5 113 61 36
39 115 242 130 77
40 161 278 144 67
41 12 363 22 60
42 671.5 90 71 27
43 618 101 64 27
44 576.5 117 77 27
45 331.5 201 125 51
46 362.5 227 127 54
47 241.5 307 157 77
48 563.5 94 71 31
49 455.5 117 91 31
50 559 154 102 53
51 533 193 110 46
52 441.5 106 75 35
53 561.5 230 119 58
54 853.5 107 215 59
55 810 135 220 77
56 309.5 113 85 32
57 272 154 110 44
58 736 171 94 45
59 269.5 134 91 32
60 812 190 110 51
61 111 142 94 34
62 30 191 58 46
64 944.5 149 33 34
