2 570 417 282 136
42 842.5 75 47 24
43 792 83 52 23
44 769 94 52 34
48 795 85 56 33
49 618.5 100 75 29
50 70.5 263 139 87
51 91.5 293 153 71
52 634 90 52 29
54 709 127 276 69
55 419.5 194 287 108
56 488 95 70 24
57 480 117 70 34
58 304.5 250 127 64
59 463 114 68 32
60 98 338 194 86
61 329.5 121 69 28
62 354 138 82 35
63 370.5 106 75 26
64 434 262 150 66
65 239.5 113 75 25
66 197 135 90 38
67 668 201 114 46
68 599.5 81 65 25
69 710.5 161 75 40
70 212 158 74 41
71 106.5 130 91 31
72 906 178 110 43
