2 570 417 282 136
42 844.5 74 49 23
43 793.5 83 55 24
44 771 96 52 33
48 784 84 58 32
49 638 95 68 26
50 64 262 126 84
51 80 294 158 69
52 647.5 90 49 29
54 700 127 272 68
55 411 189 286 108
56 489 94 70 24
57 480.5 113 69 31
58 296.5 253 125 66
59 467 115 68 34
60 92.5 341 183 88
61 334.5 124 65 31
62 359.5 137 81 32
63 373.5 108 77 28
64 419 267 152 69
65 242 114 74 24
66 202 134 90 37
67 659 201 116 43
68 611.5 81 67 24
69 699.5 163 77 40
70 218 159 72 42
71 111.5 129 91 29
72 901 180 120 45
