2 568.5 425 277 142
31 857.5 81 181 47
35 692.5 110 53 32
39 37.5 269 73 76
40 62 306 122 65
42 692.5 92 71 31
43 671 103 70 36
44 606 113 76 30
45 227 226 136 56
46 256 250 130 57
47 75 363 148 91
48 597 93 62 29
49 484 114 88 30
50 468 165 112 51
51 461 204 114 47
52 485 101 76 30
53 390.5 271 135 73
54 844.5 108 233 57
55 739.5 142 229 74
56 360.5 111 83 32
57 357 142 106 40
58 657 181 98 45
59 318 131 86 32
60 687.5 207 123 54
61 179 139 90 33
62 100.5 180 115 46
63 192 120 82 25
64 872 158 100 39
