2 569 421 282 139
31 782.5 95 229 58
35 706.5 112 71 32
36 31 298 60 60
37 39.5 255 77 50
39 203 214 120 67
40 247.5 249 127 60
41 107 339 168 83
42 648.5 91 83 27
43 580.5 105 71 30
44 554.5 119 83 29
45 411 184 120 46
46 420.5 210 119 48
47 387.5 265 139 65
48 530 98 72 34
49 424 120 88 33
50 626 144 102 49
51 594.5 180 109 43
52 396.5 108 73 34
53 684.5 207 109 54
54 856.5 113 209 63
55 858 132 206 72
56 259 116 82 30
57 192 164 112 43
58 811.5 162 89 42
59 196.5 138 91 35
60 905.5 175 111 45
