2 567.5 425 277 139
31 835.5 83 199 47
35 712.5 114 47 33
39 66.5 260 131 80
40 107 297 148 75
42 686 91 70 27
43 641 103 64 29
44 588 119 80 32
45 285.5 214 131 55
46 313 235 128 52
47 157 327 162 76
48 579.5 96 69 31
49 469.5 118 83 34
50 518 161 110 52
51 499 197 116 46
52 464.5 103 77 33
53 481 247 124 62
54 847.5 109 227 62
55 777 142 228 76
56 332 113 84 31
57 313 152 104 45
58 697 179 96 46
59 297 136 88 37
60 757.5 197 115 47
61 149.5 141 87 32
62 54 191 106 53
63 142.5 128 79 28
64 921.5 153 79 38
