2 570 417 282 136
42 843 75 48 24
43 792.5 84 53 24
44 770 94 52 33
48 791.5 85 57 33
49 625.5 99 73 28
50 68.5 263 135 86
51 83 293 164 70
52 638.5 90 51 29
54 706.5 127 275 69
55 416.5 192 287 108
56 489 95 70 24
57 480 116 70 33
58 302 250 126 64
59 465 115 68 33
60 96 339 190 87
61 332 122 68 29
62 355.5 137 81 34
63 371.5 107 75 27
64 429.5 264 151 67
65 240.5 114 75 25
66 199 135 90 38
67 664 201 114 45
68 603 81 66 25
69 707 161 76 40
70 214 158 74 41
71 108.5 129 91 30
72 904.5 179 113 44
