2 568 425 276 138
31 842.5 82 193 48
35 700 114 56 30
39 61 262 120 78
40 91 305 152 79
42 687.5 92 77 27
43 648 103 60 29
44 592.5 116 79 29
45 269.5 215 131 54
46 298 240 130 55
47 130.5 338 169 82
48 585 94 64 29
49 471.5 118 87 33
50 509.5 164 111 55
51 491 196 116 42
52 467 102 78 31
53 461.5 252 127 63
54 850 108 222 56
55 769 141 222 77
56 341.5 114 85 33
57 325 146 104 40
58 687.5 180 95 45
59 302 134 86 34
60 742 197 116 47
61 156.5 140 87 31
62 59 187 116 49
63 155.5 129 81 28
64 914.5 153 93 37
