2 570 417 282 136
42 847.5 74 43 23
43 822 86 52 26
44 764 98 52 32
48 783 85 52 30
49 627.5 98 67 26
50 46.5 273 91 86
51 68 298 134 67
52 656.5 91 49 29
54 682.5 135 285 75
55 389 197 286 110
56 503.5 99 77 26
57 510.5 119 83 35
58 274.5 258 129 63
59 479.5 114 69 30
60 80.5 353 159 88
61 345.5 123 69 31
62 365 135 76 35
63 382.5 105 75 26
64 387.5 277 153 73
65 244 112 70 24
66 208.5 136 91 38
67 631.5 208 117 47
68 642 81 66 28
69 669 168 80 43
70 232.5 158 69 43
71 122.5 130 91 31
72 871.5 182 109 40
