2 567.5 424 277 138
31 838 83 198 47
35 709.5 114 49 32
39 65 261 128 80
40 103.5 299 149 76
42 686 91 72 27
43 642.5 103 63 29
44 589 118 80 31
45 281.5 215 131 55
46 309 237 128 53
47 150 329 164 77
48 581 95 68 30
49 470 118 84 34
50 516 162 110 53
51 497 197 116 45
52 464.5 104 77 33
53 476.5 248 125 62
54 848 108 226 60
55 775.5 141 227 76
56 334 113 84 31
57 316 149 104 43
58 694 180 96 46
59 298 135 88 36
60 753.5 197 115 47
61 151.5 141 87 32
62 55 190 108 52
63 146 128 80 28
64 920 153 82 38
