2 570 417 282 136
42 844 75 48 24
43 793 83 54 24
44 770 95 52 33
48 787.5 84 57 32
49 631.5 97 71 27
50 66 262 130 85
51 81.5 294 161 70
52 643 90 50 29
54 702.5 127 273 69
55 414 191 286 108
56 489 95 70 24
57 479.5 114 69 32
58 298.5 251 125 65
59 466 114 68 33
60 94.5 341 187 88
61 333.5 123 67 30
62 357.5 137 81 33
63 372 107 76 27
64 425 266 152 68
65 241 114 74 25
66 200 134 90 37
67 661.5 201 115 44
68 607.5 81 67 25
69 703 162 76 40
70 216.5 158 73 41
71 109.5 129 91 29
72 902.5 179 117 44
