2 570 417 282 136
42 845.5 75 45 24
43 818 86 50 26
44 764.5 96 51 32
48 785 85 50 30
49 627 98 68 26
50 49 271 96 85
51 69 296 136 66
52 654 91 50 29
54 685 134 284 74
55 391.5 196 287 111
56 501.5 98 77 25
57 510 119 82 35
58 277 257 128 63
59 478 114 70 30
60 82.5 351 163 88
61 343.5 123 69 31
62 365.5 136 77 36
63 381.5 106 75 27
64 391.5 275 153 72
65 242.5 113 71 25
66 206.5 136 91 39
67 635 208 116 47
68 638 81 66 29
69 673 167 80 43
70 231 158 70 43
71 121.5 131 91 32
72 874.5 183 109 42
