2 567 425 278 139
31 834.5 84 201 48
35 711.5 114 47 33
39 68 259 134 80
40 110.5 295 147 74
42 685 91 72 27
43 640 103 66 29
44 588 119 80 32
45 288.5 213 131 55
46 316 235 128 53
47 162.5 326 161 77
48 578.5 96 69 31
49 468.5 118 83 34
50 521 160 110 52
51 500.5 197 115 46
52 462 103 76 32
53 487 245 124 61
54 847.5 108 227 61
55 779.5 141 227 75
56 330.5 113 85 31
57 310 150 104 43
58 699 179 96 46
59 295 136 88 37
60 761.5 197 115 48
61 147 141 88 32
62 52 191 102 53
63 140 128 80 27
64 923.5 152 75 37
