2 570 417 282 136
42 755.5 86 51 27
43 721 94 54 26
44 668 97 48 29
45 34 268 66 53
46 42 305 82 61
48 671 89 58 32
49 550 108 58 27
50 250.5 207 131 67
51 259 244 130 57
52 560 96 66 33
53 61 364 120 90
54 807 118 240 69
55 562.5 169 259 97
56 437 99 80 26
57 466 130 82 40
58 486 209 114 51
59 397.5 119 73 30
60 335 279 154 77
61 272.5 125 85 28
62 279.5 147 101 39
63 329 110 80 26
64 668.5 200 111 51
65 187.5 119 79 29
66 137 137 92 36
67 831 173 100 41
68 306 99 80 28
69 914 133 68 34
70 26.5 186 51 41
