2 570 417 282 136
42 741.5 88 39 23
43 717 94 48 29
44 683.5 101 51 32
46 15 305 28 49
48 682.5 88 51 28
49 553 112 62 32
50 195 227 134 79
51 203 260 140 65
52 577.5 94 59 31
53 26 361 50 70
54 784 121 248 69
55 516.5 173 269 97
56 453.5 93 83 23
57 459 117 74 33
58 424 222 120 60
59 415 112 64 22
60 246 299 164 79
61 294.5 127 87 32
62 311.5 147 103 44
63 343.5 109 77 29
64 601.5 219 125 58
65 212.5 119 77 30
66 157.5 136 93 34
67 778 183 104 45
68 412.5 92 75 28
69 852 142 74 37
70 99 174 84 40
