2 568.5 420 283 136
31 822 88 210 51
35 711 112 60 33
39 101.5 248 131 77
40 144 281 138 68
42 675 88 74 23
43 630.5 106 81 33
44 581 117 78 27
45 316 204 126 53
46 345 230 128 56
47 213 314 158 77
48 568.5 95 75 31
49 458.5 116 87 31
50 546 156 108 50
51 522 191 112 43
52 449.5 103 77 32
53 537 231 122 52
54 851 104 220 55
55 800.5 139 223 74
56 314 112 84 30
57 284 151 112 42
58 724 172 98 42
59 278 131 84 30
60 792.5 191 117 50
61 124 141 88 31
62 37.5 189 73 48
63 106.5 129 83 27
64 938.5 149 45 38
