14 258 274 120 72
18 764 326 208 102
19 417 242 126 79
20 257 211 100 55
21 141 198 180 92
22 58 169 56 37
23 22 164 42 36
39 800 276 212 110
40 578.5 230 135 71
41 432.5 196 121 61
47 315 177 98 50
49 234.5 164 69 41
50 157.5 146 57 33
52 890.5 196 141 63
53 76.5 143 45 33
54 328 132 68 35
55 247 138 66 32
56 63 137 40 28
57 135.5 115 45 28
61 946 128 30 41
62 829 128 120 47
63 694.5 119 105 41
64 561.5 112 89 39
65 418 99 184 66
69 854 110 116 43
70 698 94 102 38
71 558 92 74 36
72 294.5 97 59 29
73 329.5 85 39 24
74 229 93 46 26
75 269.5 79 45 23
76 179.5 88 43 23
77 224 74 42 23
