14 464.5 338 171 94
18 889 348 144 97
19 555.5 274 149 97
20 280.5 216 105 57
21 144 198 178 92
22 57.5 170 59 38
23 22 163 42 36
39 799 275 212 110
40 578.5 230 135 71
41 432.5 197 121 62
47 314 176 98 49
49 233.5 164 69 41
50 158.5 146 57 33
53 80.5 144 47 34
54 494.5 147 95 45
55 459 173 112 54
56 63.5 137 41 29
57 223.5 128 59 32
62 851.5 130 125 51
63 712 122 110 43
64 573.5 112 91 39
65 419 100 186 66
69 886.5 113 117 46
70 733 97 106 40
71 591.5 92 83 35
72 297.5 95 63 30
73 483 88 76 36
74 230 92 52 24
75 286 80 44 22
76 180.5 87 39 24
77 229.5 77 43 26
