16 939 360 44 81
17 749 328 188 125
18 524 272 156 80
19 374 234 114 76
20 255.5 211 101 54
21 142.5 197 179 91
22 59 170 56 37
23 23 163 44 35
39 800.5 276 211 109
40 580 232 136 71
41 434.5 197 121 61
47 316.5 179 99 51
49 238 164 66 41
50 154.5 145 57 33
51 377.5 155 93 41
52 139.5 115 53 25
61 935.5 134 51 52
62 828.5 132 119 49
63 688.5 118 105 40
64 562 112 90 41
65 416.5 104 185 67
68 911 115 100 44
69 714.5 104 109 42
70 575.5 92 85 38
71 465 87 62 31
72 293 98 60 29
73 325 88 52 29
74 228.5 91 49 24
75 260 80 40 21
76 179.5 89 43 24
77 215.5 77 45 23
