12 488 443 220 132
13 290.5 280 125 70
16 936 368 50 89
17 751 328 190 125
18 524.5 271 155 79
19 375 235 114 77
20 257 212 102 55
21 142.5 197 177 91
22 59.5 171 57 38
23 24 163 46 34
39 802 278 210 109
40 581 234 136 71
41 436 197 120 60
46 714 178 114 61
47 301 178 92 48
48 648 199 142 62
49 173.5 153 57 34
50 93 132 40 27
61 936 135 50 52
62 828.5 132 119 49
63 690 119 106 42
64 562 112 90 40
65 416.5 104 185 68
67 941.5 122 39 43
68 830.5 109 115 37
69 684.5 101 97 38
70 572 92 84 35
71 420.5 87 57 30
72 298 98 62 29
73 311.5 83 53 25
74 231.5 95 47 29
75 245.5 82 45 24
76 181.5 90 41 22
77 208 77 40 23
