14 114 232 90 51
17 911 353 100 123
18 604 290 172 87
19 375 235 112 77
20 255.5 211 101 54
21 142 198 180 92
22 58 169 56 37
23 22 164 42 36
39 800 276 212 110
40 578.5 231 135 71
41 433.5 196 121 61
47 315 177 98 50
49 235 164 68 41
50 156.5 146 57 33
52 646.5 168 131 54
53 72 142 44 33
54 205 121 54 32
55 136.5 116 39 25
61 933.5 137 55 52
62 827.5 131 119 49
63 687.5 118 107 40
64 561 112 90 38
65 418 104 186 67
68 946 114 30 37
69 822 107 112 41
70 666.5 99 101 42
71 522.5 85 67 30
72 294 95 58 27
73 321.5 85 41 26
74 230 93 50 27
75 266 81 48 23
76 180.5 87 41 21
77 220.5 76 43 22
