7 533.5 476 211 167
8 411.5 347 387 194
9 31.5 247 61 58
16 936.5 367 49 88
17 753 328 192 125
18 526.5 272 155 79
19 376.5 237 113 79
20 259 213 102 55
21 143.5 198 175 91
22 61 172 58 38
39 804.5 281 213 112
40 582.5 229 133 67
41 351 189 104 61
42 212.5 123 87 58
43 120.5 115 43 25
61 937 135 48 52
62 831 134 120 50
63 691.5 121 107 44
64 563.5 112 91 39
65 416.5 105 185 70
67 921.5 114 79 38
68 800.5 107 113 38
69 662.5 101 95 38
70 540.5 91 83 37
71 350.5 88 49 29
72 300.5 97 59 29
73 289.5 82 55 22
74 232 93 48 25
75 215 79 40 20
76 179 92 38 24
