15 683.5 413 237 127
21 701.5 361 487 225
22 374.5 243 127 69
23 189.5 201 93 49
24 97 175 68 44
25 34.5 187 67 37
26 21 166 40 35
39 797 274 214 111
40 576.5 228 135 71
41 430 197 122 63
47 311.5 173 97 47
49 228.5 163 73 41
50 163 149 56 33
53 112 147 56 36
54 904.5 189 113 65
55 877.5 231 167 75
56 69.5 139 47 33
57 695 200 148 68
58 323.5 130 77 40
59 198 129 50 35
65 811.5 130 299 100
72 515 105 88 38
74 364.5 96 65 32
75 550.5 90 73 33
76 266.5 94 57 29
77 391.5 81 61 29
78 187 90 48 28
79 307 78 54 24
