13 820.5 438 231 130
16 936 368 50 89
17 749.5 328 189 125
18 524.5 271 155 79
19 375 235 114 77
20 257 212 102 55
21 142 197 178 91
22 59.5 171 57 38
23 23.5 164 45 35
39 802 277 210 109
40 581 233 136 71
41 435 197 120 60
47 317.5 180 99 52
49 230.5 163 67 40
50 149.5 145 59 34
61 936 135 50 52
62 828.5 132 119 49
63 689.5 119 105 41
64 562 113 90 41
65 416.5 104 185 68
68 847.5 112 121 41
69 687 100 96 38
70 570.5 92 85 35
71 437.5 87 59 30
72 297.5 98 63 30
73 317 84 48 25
74 231 95 46 30
75 249.5 82 49 24
76 181 90 42 22
77 209 77 42 23
