14 48.5 220 95 47
17 878.5 355 165 135
18 542.5 275 159 80
19 374 235 114 77
20 255.5 211 101 54
21 142 198 180 92
22 58 169 56 37
23 22.5 164 43 36
39 799.5 276 211 110
40 579.5 231 135 71
41 433.5 197 121 61
47 315 177 98 50
49 236 164 68 41
50 156.5 146 57 33
52 527 155 108 50
53 70.5 142 43 33
54 157 119 48 30
55 103.5 111 37 21
61 935 134 52 52
62 827 131 118 49
63 688.5 118 105 40
64 561 111 90 41
65 417 103 186 66
68 933.5 117 55 39
69 806 109 114 47
70 653.5 96 101 40
71 505 84 58 31
72 295 96 62 27
73 319.5 84 47 25
74 228 92 48 26
75 263.5 81 47 23
76 181.5 88 39 22
77 218.5 78 47 26
