7 759.5 541 257 178
8 604 423 510 253
9 70 267 98 63
10 16.5 215 31 47
16 936.5 367 49 88
17 753 328 192 125
18 525.5 272 155 79
19 376.5 237 113 79
20 259 212 102 55
21 142.5 198 175 91
22 61 172 58 38
39 804.5 280 213 112
40 583.5 228 133 66
41 383 194 114 62
42 260.5 128 95 63
43 143 119 48 25
44 74.5 124 35 29
61 937 135 48 52
62 831 134 120 50
63 691.5 121 107 44
64 563.5 112 91 39
65 416.5 105 185 70
67 922 114 78 37
68 802 107 112 38
69 667 101 96 38
70 541.5 93 85 38
71 354.5 87 49 29
72 299.5 97 59 28
73 293 81 56 22
74 232 94 48 26
75 217.5 79 39 20
76 181 92 38 24
