8 939.5 472 43 205
9 253.5 346 155 91
10 58 256 82 59
16 936.5 367 49 88
17 753 328 192 125
18 525.5 272 155 79
19 376.5 237 113 79
20 258 212 102 55
21 143 198 176 91
22 61 172 58 38
23 24.5 162 47 32
39 804.5 281 213 113
40 583.5 231 135 68
41 429 199 122 65
42 418 143 128 79
43 213 136 64 36
44 117.5 137 45 27
61 937 135 48 52
62 830 134 120 50
63 691 120 106 43
64 563.5 113 91 40
65 416.5 104 185 69
67 923.5 113 75 35
68 806.5 107 111 38
69 677.5 102 99 38
70 544 93 88 38
71 365.5 87 51 29
72 299.5 96 59 26
73 300.5 81 59 23
74 233.5 94 49 27
75 223.5 78 37 20
76 184.5 92 37 24
