16 947.5 356 27 69
17 749 328 188 125
18 524 272 156 80
19 374 234 114 76
20 255.5 211 101 54
21 141.5 197 179 91
22 58 170 56 37
23 23 163 44 35
39 800.5 276 211 109
40 580 232 136 71
41 434.5 197 121 61
47 316.5 179 99 51
49 237 164 66 41
50 154.5 145 57 33
51 461 164 106 48
52 173.5 119 53 26
61 935.5 134 51 52
62 828.5 132 119 49
63 688.5 118 105 40
64 562 112 90 41
65 416.5 104 185 67
68 919.5 115 83 42
69 730 104 114 42
70 582.5 93 87 39
71 469.5 87 63 31
72 293.5 98 61 29
73 324 88 54 29
74 228.5 91 49 25
75 261 79 40 20
76 179.5 89 43 24
77 216 78 46 24
