14 612 385 214 113
18 941 350 40 74
19 649.5 298 159 109
20 325 226 116 62
21 158.5 201 183 94
22 58 168 58 35
23 22 162 42 35
39 799 275 212 110
40 578.5 230 135 71
41 431.5 197 121 62
47 314 176 98 49
49 233 164 70 41
50 158 147 56 33
53 89 144 48 33
54 609.5 157 111 51
55 597.5 188 131 57
56 63.5 137 41 29
57 293.5 142 73 43
62 882 134 132 53
63 724 122 108 45
64 583.5 113 91 40
65 426 102 188 71
69 926 112 70 42
70 753 101 108 44
71 609.5 93 87 35
72 296 97 60 31
73 507.5 91 67 40
74 229 92 52 26
75 310 82 44 23
76 182 90 40 24
77 239 80 46 29
