14 493 347 180 97
18 900 348 122 94
19 575.5 278 151 98
20 289 219 106 59
21 146.5 198 181 92
22 57 170 58 38
23 21.5 162 41 35
39 799 275 212 110
40 578.5 230 135 71
41 432.5 197 121 62
47 314 176 98 49
49 234 164 70 41
50 158 147 56 33
53 81.5 144 47 34
54 515.5 148 97 45
55 488 176 114 54
56 63.5 137 41 29
57 237 132 64 35
62 858 131 126 52
63 713.5 122 109 43
64 575.5 113 91 40
65 420 100 186 67
69 894 113 106 45
70 737 97 106 40
71 595 93 84 35
72 297 95 62 30
73 488 89 74 37
74 230 92 52 24
75 291 81 44 23
76 181 88 40 24
77 231.5 77 43 26
