14 816 448 264 135
19 769.5 322 183 122
20 410 248 136 73
21 194.5 210 203 102
22 74 171 66 38
23 25.5 161 49 33
39 798 275 212 110
40 578.5 230 135 71
41 432 197 122 62
47 314 176 98 49
49 233 164 70 41
50 159 147 56 33
53 112 145 52 31
54 760 174 130 59
55 736.5 204 155 63
56 65 137 42 29
57 404 157 92 48
62 925.5 133 71 43
63 758 123 112 46
64 600.5 114 95 40
65 439.5 104 195 72
70 812 107 118 47
71 633 96 92 39
72 301 95 60 28
73 522 92 74 40
74 230 91 48 26
75 336 84 42 26
76 182.5 88 39 23
77 256.5 81 51 28
