15 734.5 426 251 133
21 734.5 377 453 238
22 402 250 136 71
23 212.5 206 97 52
24 114.5 181 71 49
25 37.5 187 73 38
26 29.5 166 57 36
39 797 274 214 111
40 576.5 228 135 71
41 430 197 122 63
47 311.5 173 97 47
49 228.5 163 73 41
50 163 149 56 33
53 111 148 56 37
54 904.5 189 113 65
55 877.5 231 167 75
56 69.5 138 47 33
57 695 199 148 67
58 362 137 80 45
59 233.5 133 59 34
65 838 131 246 99
72 547.5 107 95 37
74 388 99 68 33
75 601 96 84 39
76 280.5 93 59 29
77 409 83 68 34
78 191 89 48 27
79 317.5 79 59 29
