17 817.5 342 203 133
18 524 272 156 80
19 374 234 114 76
20 255.5 211 101 54
21 141.5 198 179 92
22 58 170 56 37
23 22.5 164 43 36
39 800.5 276 211 110
40 579.5 231 135 71
41 433.5 197 121 61
47 315.5 177 99 50
49 236.5 164 67 41
50 155.5 145 57 33
51 856.5 227 167 76
52 389.5 139 89 40
53 68 141 42 32
54 104.5 109 39 22
61 935 134 52 52
62 827 131 118 49
63 688.5 118 105 40
64 561 112 90 41
65 416.5 103 185 66
68 932 116 58 38
69 786.5 107 117 45
70 629.5 95 97 39
71 484.5 87 65 31
72 294.5 96 61 27
73 320.5 85 49 26
74 228 92 48 26
75 262 80 44 22
76 181 89 40 23
77 218.5 79 47 26
