15 656.5 404 229 123
21 678 356 486 221
22 363 241 126 69
23 181 200 90 48
24 90.5 174 67 41
25 33.5 185 65 35
26 17.5 164 33 32
39 797 274 214 111
40 576.5 228 135 71
41 430 197 122 63
47 311.5 173 97 47
49 229.5 163 73 41
50 163 148 56 33
53 112 147 56 36
54 904.5 189 113 65
55 877.5 231 167 75
56 69.5 138 47 32
57 695 200 148 68
58 304.5 128 75 40
59 185.5 126 53 32
65 800 130 322 101
72 502.5 103 87 36
74 353 96 64 31
75 528.5 89 71 32
76 259.5 91 55 27
77 381.5 80 59 30
78 185 90 48 28
79 300.5 77 53 25
