4 788.5 446 273 147
5 363.5 300 143 87
6 103 243 204 119
16 937 366 48 87
17 755 329 194 126
18 527.5 271 155 78
19 377.5 238 113 80
20 260 213 102 55
21 144 199 174 91
22 62.5 172 59 38
36 678.5 247 185 79
37 834 190 150 73
38 282.5 127 67 32
39 253 166 76 45
40 80 128 40 27
61 938 136 46 52
62 832 135 120 50
63 692.5 122 107 45
64 564 113 92 39
65 416.5 105 185 71
67 901.5 114 119 42
68 755.5 108 109 41
69 630 98 94 38
70 524.5 88 73 35
71 290 83 48 28
72 257.5 96 55 27
73 210.5 82 49 23
74 178.5 91 41 23
