8 826.5 475 269 257
9 188.5 318 135 81
10 37.5 243 73 54
16 936.5 367 49 88
17 753 328 192 125
18 525.5 272 155 79
19 376.5 237 113 79
20 258 212 102 55
21 143 198 176 91
22 61 172 58 38
23 22.5 160 43 30
39 804.5 280 213 112
40 583 231 134 68
41 419.5 198 117 64
42 365 139 120 74
43 191 131 58 34
44 108 130 42 26
61 937 135 48 52
62 830 134 120 50
63 691 120 106 43
64 563.5 113 91 40
65 416.5 104 185 69
67 923 113 76 36
68 805.5 107 111 38
69 674 102 98 38
70 543.5 93 87 38
71 362 87 50 29
72 299.5 96 59 26
73 298 81 58 23
74 233.5 94 49 27
75 222 78 38 20
76 183.5 92 37 24
