14 869 458 184 127
15 23 211 44 44
19 833.5 338 199 130
20 464.5 260 155 77
21 217 216 214 108
22 84.5 175 65 40
23 27 163 52 34
39 798.5 275 213 110
40 577.5 229 135 71
41 432 197 122 62
47 314 175 98 48
49 232.5 164 71 41
50 159 147 56 33
53 114.5 145 53 31
54 829 183 140 64
55 801.5 215 165 69
56 65 137 42 30
57 467.5 166 107 52
63 778.5 124 115 47
64 610.5 114 97 40
65 446.5 106 199 73
70 850 109 124 48
71 645 96 94 41
72 305.5 96 61 29
73 528 92 80 40
74 233 90 50 26
75 347.5 83 45 26
76 184 87 40 23
77 269 80 52 28
