6 640.5 478 641 310
7 39 261 76 72
16 936.5 366 49 87
17 753.5 329 193 126
18 526.5 271 155 78
19 377.5 238 113 80
20 259 213 102 55
21 143 198 174 91
22 61.5 172 59 38
36 946.5 268 29 50
38 944 202 34 52
39 680 249 182 94
40 361.5 191 95 50
41 111.5 146 51 35
61 937.5 136 47 52
62 831 135 120 50
63 691.5 122 107 45
64 563.5 113 91 39
65 416.5 105 185 70
67 917 113 88 38
68 785.5 109 111 43
69 638.5 101 97 40
70 535 91 80 37
71 324 83 50 28
72 298.5 95 59 26
73 262 83 50 24
74 219 94 48 27
75 187 81 36 24
