15 731 426 250 133
21 732.5 375 457 237
22 400 250 136 71
23 210.5 205 97 52
24 113.5 181 71 49
25 37 187 72 38
26 28.5 166 55 36
39 797 274 214 111
40 576.5 228 135 71
41 430 197 122 63
47 311.5 173 97 47
49 228.5 163 73 41
50 163 149 56 33
53 111 148 56 37
54 904.5 189 113 65
55 877.5 231 167 75
56 69.5 138 47 33
57 695 199 148 67
58 359 136 80 44
59 230 133 58 34
65 836 131 250 99
72 545 107 94 37
74 386 99 68 33
75 597.5 96 83 39
76 279.5 93 59 29
77 408 83 68 34
78 191 89 48 27
79 316 79 58 28
