14 327 295 140 78
18 821.5 342 221 109
19 460 255 130 87
20 260 212 102 56
21 141 198 180 92
22 57.5 169 55 37
23 22 164 42 36
39 799 275 212 110
40 578.5 230 135 71
41 432.5 197 121 62
47 314 176 98 49
49 234.5 164 69 41
50 157.5 146 57 33
52 929 195 64 55
53 78 144 46 34
54 386 138 78 41
55 317.5 153 79 42
56 63 137 40 28
57 164.5 119 53 28
62 837 128 122 48
63 700.5 119 107 41
64 565.5 112 89 39
65 418 99 184 66
69 865.5 111 117 44
70 711 95 104 39
71 570.5 92 77 36
72 295 96 60 29
73 395 88 64 29
74 229 93 48 25
75 275 79 44 23
76 179.5 88 41 24
77 226 75 42 24
