15 772.5 439 261 139
21 777.5 371 367 223
22 456 261 148 76
23 246 214 106 55
24 139.5 187 75 49
25 42 189 82 41
26 35 168 68 38
39 797 274 214 111
40 576 227 134 71
41 430 197 122 63
47 311.5 172 97 46
49 229 163 74 41
50 163 149 56 33
53 110 148 56 37
54 904.5 189 113 65
55 877.5 230 167 75
56 69.5 138 47 33
57 695 199 148 67
58 420.5 139 91 47
59 286.5 143 71 40
65 882.5 131 157 99
72 597.5 110 95 40
74 422.5 100 75 33
75 689.5 99 95 40
76 305.5 94 61 27
77 438.5 83 67 33
78 202 90 48 25
79 340 82 58 29
