9 632 519 280 173
10 196.5 325 133 84
16 936.5 367 49 88
17 751.5 328 191 125
18 525.5 272 155 79
19 377 236 114 78
20 258 212 102 55
21 143 198 176 91
22 61 171 58 38
23 25 162 48 33
39 804 281 212 113
40 582 235 136 71
41 435.5 203 119 67
42 690 173 182 108
43 347 155 84 42
44 232.5 144 63 34
45 155 120 46 30
46 94.5 107 31 24
61 937 135 48 52
62 829.5 134 119 50
63 691 120 106 43
64 562.5 113 91 40
65 416.5 104 185 69
67 926 114 70 36
68 810.5 108 111 38
69 679.5 102 99 38
70 559 92 84 36
71 375 87 52 29
72 298.5 96 59 26
73 303.5 82 59 24
74 233.5 95 49 28
75 228 79 38 21
76 185 92 38 24
77 191 79 40 25
