12 444 426 208 125
13 265.5 273 119 69
16 936 368 50 89
17 751 328 190 125
18 524.5 271 155 79
19 376 235 114 77
20 257 212 102 55
21 142.5 197 177 91
22 59.5 171 57 38
23 24 163 46 34
39 803 278 210 109
40 581 234 136 71
41 436 197 120 60
46 660 172 110 59
47 298.5 176 91 46
48 590.5 192 129 60
49 170 152 58 34
50 86 129 34 27
61 936 135 50 52
62 828.5 132 119 49
63 690 119 106 42
64 562 112 90 40
65 416.5 104 185 68
67 941 121 40 42
68 829 109 114 37
69 684.5 101 97 38
70 572 93 84 35
71 419.5 87 57 30
72 298 98 62 29
73 311.5 83 53 25
74 231.5 95 47 29
75 245 82 44 24
76 181.5 90 41 22
77 208 78 40 24
