14 120 233 92 51
17 914.5 353 93 122
18 610.5 292 173 88
19 375 234 112 76
20 255.5 211 101 54
21 142 198 180 92
22 58 169 56 37
23 22 164 42 36
39 800 276 212 110
40 578.5 231 135 71
41 433.5 196 121 61
47 315 177 98 50
49 235 164 68 41
50 156.5 146 57 33
52 658 170 134 55
53 73 142 44 33
54 209.5 122 55 32
55 140 116 38 25
61 933 138 56 52
62 827.5 131 119 49
63 687 118 108 40
64 560 112 90 37
65 418 105 186 68
68 948 114 26 37
69 823.5 107 113 41
70 668 99 100 42
71 523 85 70 30
72 293.5 96 57 28
73 321 85 40 26
74 231 93 50 27
75 266 82 48 23
76 180.5 87 41 21
77 220 76 42 22
