7 591 500 226 178
8 458 360 414 205
9 38 252 74 60
16 936.5 367 49 88
17 753 328 192 125
18 526.5 272 155 79
19 376.5 237 113 79
20 259 212 102 55
21 142.5 198 175 91
22 61 172 58 38
39 804.5 281 213 112
40 583 227 132 65
41 361 191 106 63
42 225.5 125 89 60
43 125 114 44 24
61 937 135 48 52
62 831 134 120 50
63 691.5 121 107 44
64 563.5 112 91 39
65 416.5 105 185 70
67 921.5 114 79 38
68 801 107 112 38
69 664 101 96 38
70 541 91 84 37
71 351.5 87 49 29
72 300.5 96 59 28
73 291 82 56 22
74 232 93 48 25
75 215.5 79 39 20
76 179 92 38 24
