16 944.5 356 33 72
17 749 328 188 125
18 524 272 156 80
19 374 234 114 76
20 255.5 211 101 54
21 141.5 197 179 91
22 58 170 56 37
23 23 163 44 35
39 800.5 276 211 109
40 580 232 136 71
41 434.5 197 121 61
47 316.5 179 99 51
49 237 164 66 41
50 154.5 145 57 33
51 438 160 100 44
52 164 119 54 26
61 935.5 134 51 52
62 828.5 132 119 49
63 688.5 118 105 40
64 562 112 90 41
65 416.5 104 185 67
68 917.5 115 87 43
69 724.5 104 113 42
70 580 93 86 39
71 468.5 87 63 31
72 292.5 98 61 29
73 325 89 54 30
74 228.5 91 49 25
75 261 79 40 20
76 179.5 89 43 24
77 216 78 46 24
