11 478 442 214 127
12 108.5 276 97 67
13 40.5 213 79 45
16 936 368 50 89
17 751 328 190 125
18 525.5 271 155 79
19 376 236 114 78
20 258 212 102 55
21 142.5 198 177 91
22 59.5 171 57 38
23 24 163 46 34
39 802.5 278 209 109
40 582 234 136 71
41 437 197 120 60
45 651 169 112 55
46 282 131 58 34
47 234 168 74 46
48 226.5 137 59 32
49 102 136 42 30
61 936.5 135 49 52
62 829.5 132 119 49
63 690 119 106 42
64 562 112 90 40
65 416.5 104 185 68
67 934 116 54 38
68 822.5 109 113 38
69 682.5 101 97 38
70 572 93 84 35
71 403.5 87 55 30
72 298.5 97 61 28
73 308.5 83 55 25
74 232.5 95 47 29
75 239 81 42 23
76 183 91 40 23
77 202 78 40 24
