14 156.5 242 99 56
17 934 356 54 120
18 656.5 301 183 92
19 380 236 116 76
20 257 214 104 58
21 142 198 180 92
22 58 169 56 37
23 22 164 42 36
39 800 276 212 110
40 578.5 231 135 71
41 433.5 196 121 61
47 315 177 98 50
49 235 164 68 41
50 156.5 146 57 33
52 731 176 146 59
53 73 142 44 33
54 241 126 60 35
55 162 122 42 28
61 933.5 135 55 51
62 827.5 130 119 48
63 690 119 102 42
64 560.5 112 89 37
65 418.5 104 185 68
69 833 108 114 42
70 675 92 100 37
71 536 90 68 36
72 293.5 96 57 28
73 323.5 85 39 26
74 230.5 92 49 26
75 266.5 81 47 23
76 180 88 42 22
77 221 76 42 22
