4 309.5 288 143 76
5 137 231 88 60
6 30.5 202 59 81
16 937 365 48 87
17 755.5 329 195 126
18 527.5 271 155 78
19 378.5 239 113 81
20 260 213 102 55
21 143.5 199 173 91
22 62.5 172 59 38
34 878 195 128 69
35 608 195 136 62
36 402 194 118 56
37 386.5 139 89 47
38 143.5 114 47 24
39 103.5 135 49 31
61 938.5 136 45 52
62 832 135 120 50
63 693 123 108 46
64 564 113 92 38
65 407.5 103 181 66
67 883.5 116 127 46
68 736.5 104 101 38
69 614.5 97 83 36
70 502 88 72 34
71 241.5 80 43 22
72 222 94 48 26
73 189 79 40 21
