15 794.5 447 267 144
21 831.5 373 259 213
22 515.5 276 161 82
23 281.5 223 115 59
24 162 192 80 55
25 47 188 92 40
26 40.5 170 79 39
39 797 274 214 111
40 576 227 134 71
41 429 197 122 63
47 311.5 172 97 46
49 228 163 74 41
50 164 149 56 33
53 110 148 56 38
54 904 187 114 64
55 878 230 166 75
56 70 138 48 33
57 696.5 198 149 66
58 478.5 144 99 45
59 345 147 80 42
65 933.5 132 55 95
72 660 117 106 45
74 461 100 74 32
75 805 106 110 43
76 331 95 68 30
77 473 84 72 34
78 211.5 89 51 25
79 363 83 60 33
