14 128 234 94 51
17 919.5 353 83 121
18 623 295 176 90
19 375 234 112 76
20 256 212 102 55
21 142 198 180 92
22 58 169 56 37
23 22 164 42 36
39 800 276 212 110
40 578.5 231 135 71
41 433.5 196 121 61
47 315 177 98 50
49 235 164 68 41
50 156.5 146 57 33
52 675.5 171 137 56
53 73 142 44 33
54 217.5 123 57 32
55 146 117 38 25
61 933 139 56 52
62 827.5 131 119 49
63 687 119 108 41
64 560 112 90 36
65 417.5 105 185 68
69 825.5 107 113 41
70 669.5 98 99 42
71 525.5 84 73 30
72 293.5 96 57 28
73 321.5 86 39 27
74 231 93 50 27
75 266 82 48 23
76 181 87 42 21
77 221 75 42 21
