7 312.5 382 151 122
8 233 291 270 151
16 936.5 367 49 88
17 753 328 192 125
18 526.5 272 155 79
19 376.5 237 113 79
20 259 213 102 55
21 143.5 198 175 91
22 61 172 58 38
39 803.5 277 211 106
40 554 225 128 66
41 292.5 175 93 50
42 164.5 119 73 54
43 94.5 114 39 27
61 937.5 136 47 52
62 831 134 120 50
63 691.5 121 107 44
64 563.5 112 91 39
65 416.5 105 185 70
67 920.5 115 81 39
68 797.5 107 113 38
69 656 100 94 38
70 538.5 91 81 37
71 343 88 48 29
72 301 97 60 30
73 284.5 82 53 21
74 230.5 91 47 23
75 211 80 40 20
76 176 92 38 24
