14 893 456 136 118
15 37.5 216 73 45
19 865 346 192 128
20 495.5 270 155 80
21 232.5 217 221 107
22 96 177 70 40
23 27.5 161 53 34
39 798.5 275 213 110
40 577.5 229 135 71
41 432 197 122 62
47 314 175 98 48
49 232.5 163 71 41
50 159 147 56 33
53 114.5 146 53 32
54 861 187 148 66
55 837 225 170 76
56 65.5 137 43 30
57 501 172 110 55
63 802.5 125 123 47
64 616 113 98 40
65 451 105 196 74
70 895.5 109 131 47
71 652.5 97 95 43
72 308.5 97 61 30
73 531.5 91 83 39
74 235.5 91 47 26
75 359 87 56 30
76 184 89 42 21
77 279.5 79 51 27
