14 540.5 362 197 101
18 917 351 88 90
19 607 285 156 102
20 302.5 222 109 61
21 151 198 182 92
22 56.5 169 57 37
23 21 161 40 34
39 799 275 212 110
40 578.5 230 135 71
41 432.5 197 121 62
47 314 176 98 49
49 234 164 70 41
50 158 147 56 33
53 81.5 144 47 34
54 553.5 152 103 48
55 534.5 179 119 52
56 63.5 137 41 29
57 259 136 68 39
62 868.5 132 129 52
63 718.5 122 109 44
64 578.5 113 91 40
65 422.5 101 187 69
69 911.5 113 99 44
70 743.5 99 107 42
71 601.5 93 85 35
72 296.5 96 61 30
73 496.5 90 71 38
74 229 92 52 25
75 299 82 44 23
76 182 88 40 24
77 234.5 79 45 28
