15 752.5 430 257 134
21 748 373 426 229
22 420 255 140 75
23 223.5 208 101 52
24 122.5 184 71 50
25 38 187 74 38
26 31 167 60 38
39 797 274 214 111
40 576.5 227 135 71
41 430 197 122 63
47 311.5 173 97 47
49 228.5 163 73 41
50 163 149 56 33
53 111 148 56 37
54 904.5 189 113 65
55 877.5 231 167 75
56 69.5 138 47 33
57 695 199 148 67
58 380.5 136 83 45
59 250 137 64 36
65 852 132 218 99
72 563.5 109 95 39
74 398.5 98 69 33
75 629 96 86 39
76 288.5 94 59 29
77 419 82 66 33
78 195.5 91 49 28
79 324 79 58 28
