14 920 465 82 113
15 62 221 84 46
19 889 340 144 118
20 533.5 278 167 87
21 249.5 223 229 113
22 109 182 68 44
23 28 163 54 35
39 798.5 274 213 110
40 577.5 229 135 71
41 432 197 122 62
47 313 175 98 48
49 232.5 163 71 41
50 160 147 56 33
53 115 146 54 32
54 888 195 146 72
55 870.5 230 181 76
56 65.5 137 43 30
57 537.5 181 117 62
63 831.5 129 123 49
64 629 116 102 42
65 457 103 200 70
70 916 110 90 45
71 663 95 98 38
72 314 97 62 30
73 536 91 86 38
74 240.5 92 47 26
75 361.5 86 55 28
76 186 91 42 23
77 287.5 80 51 28
