14 336 298 142 80
18 829.5 343 223 109
19 466.5 255 131 87
20 260 212 102 56
21 141 198 180 92
22 57.5 169 55 37
23 22 164 42 36
39 799 275 212 110
40 578.5 230 135 71
41 432.5 197 121 62
47 314 176 98 49
49 234.5 164 69 41
50 157.5 146 57 33
52 933.5 193 55 51
53 78 144 46 34
54 393.5 139 81 41
55 327 153 80 42
56 63 137 40 28
57 168 120 54 28
62 838 129 122 49
63 701.5 119 107 41
64 566.5 112 89 39
65 418 99 184 66
69 867.5 111 117 44
70 713 95 104 39
71 572 92 78 36
72 295 96 60 29
73 404 89 68 30
74 229 93 48 25
75 276 79 44 23
76 179.5 88 41 24
77 226 75 42 24
