14 871.5 457 179 125
15 24.5 211 47 44
19 836 339 198 130
20 468.5 261 155 77
21 218.5 215 215 107
22 85.5 175 65 40
23 27 163 52 34
39 798.5 275 213 110
40 577.5 229 135 71
41 432 197 122 62
47 314 175 98 48
49 232.5 164 71 41
50 159 147 56 33
53 114.5 145 53 31
54 832.5 183 141 64
55 805.5 217 165 70
56 65 137 42 30
57 471.5 167 107 52
63 781 124 116 47
64 610.5 114 97 40
65 447.5 106 199 73
70 853.5 109 123 48
71 646 96 94 41
72 305.5 96 61 29
73 528 92 80 40
74 233.5 90 49 26
75 349 83 46 26
76 184 88 40 23
77 270 79 52 27
