15 674.5 410 235 126
21 693.5 359 487 224
22 370 242 126 69
23 186 201 92 49
24 95 175 68 43
25 34 186 66 36
26 20 165 38 34
39 797 274 214 111
40 576.5 228 135 71
41 430 197 122 63
47 311.5 173 97 47
49 228.5 163 73 41
50 163 148 56 33
53 112 147 56 36
54 904.5 189 113 65
55 877.5 231 167 75
56 69.5 139 47 33
57 695 200 148 68
58 317 129 76 40
59 194.5 128 51 34
65 807.5 130 307 100
72 510.5 104 87 37
74 360 96 64 31
75 543 89 72 32
76 264 93 56 28
77 388 80 60 29
78 187 90 48 28
79 305 77 54 24
