4 341.5 299 151 81
5 153.5 235 91 62
6 36.5 206 71 86
16 937 365 48 87
17 755.5 329 195 126
18 527.5 271 155 78
19 378.5 239 113 81
20 260 213 102 55
21 143.5 199 173 91
22 62.5 172 59 38
34 914.5 194 93 61
35 658.5 203 145 65
36 429.5 199 125 60
37 421 143 94 50
38 153 115 48 25
39 114 139 56 33
61 938.5 136 45 52
62 832 135 120 50
63 693 123 108 46
64 564 113 92 38
65 412 103 182 67
67 890.5 116 141 47
68 737.5 105 101 39
69 617 98 84 37
70 506.5 89 71 35
71 245.5 80 43 23
72 226 94 48 25
73 189.5 80 41 21
