9 463.5 442 223 135
10 134.5 295 109 73
16 936.5 367 49 88
17 752.5 328 191 125
18 525.5 272 155 79
19 377 237 114 79
20 258 212 102 55
21 143 198 176 91
22 61 172 58 38
23 25 162 48 33
39 804 281 212 113
40 583 234 136 70
41 436.5 199 117 62
42 570.5 158 163 96
43 288 147 70 39
44 186.5 142 53 31
45 130 114 42 26
61 937 135 48 52
62 830 134 120 50
63 691 120 106 43
64 563.5 113 91 40
65 416.5 104 185 69
67 925 113 72 35
68 809.5 108 111 38
69 679.5 102 99 38
70 550.5 93 87 37
71 371.5 87 51 29
72 299.5 96 59 26
73 302.5 82 59 24
74 233.5 95 49 28
75 226 79 38 21
76 185 92 38 24
77 189 79 40 25
