14 770.5 435 255 134
19 741.5 317 183 120
20 387.5 243 131 70
21 184.5 207 197 101
22 67 169 62 36
23 24.5 161 47 32
39 798 275 212 110
40 578.5 230 135 71
41 432 197 122 62
47 314 176 98 49
49 233 164 70 41
50 159 147 56 33
53 106.5 145 51 32
54 727 169 124 56
55 707.5 203 149 63
56 65 137 42 29
57 377 152 84 45
62 916 133 90 46
63 749.5 123 111 46
64 596 113 94 40
65 437 103 194 72
70 796.5 105 115 46
71 627.5 95 91 38
72 298.5 94 59 27
73 519 92 72 40
74 230 92 48 26
75 330.5 84 41 26
76 181.5 89 39 23
77 251.5 81 51 28
