9 856 535 210 111
10 314.5 380 175 105
11 31 239 60 53
16 936.5 367 49 88
17 751.5 328 191 125
18 525.5 272 155 79
19 376 236 114 78
20 258 212 102 55
21 143 198 176 91
22 61 171 58 38
23 25 162 48 33
39 804 280 212 112
40 582 235 136 71
41 437.5 198 119 60
42 883 194 156 121
43 464.5 171 109 52
44 304 159 80 44
45 200.5 121 57 29
46 108 111 36 26
61 937 135 48 52
62 829.5 134 119 50
63 690 120 106 43
64 562.5 113 91 40
65 416.5 105 185 69
67 927.5 114 67 36
68 813 108 112 38
69 680 102 98 38
70 567.5 92 83 35
71 380 87 52 29
72 298.5 96 59 26
73 304 82 58 24
74 233 95 48 28
75 229.5 79 39 21
76 184 92 38 24
77 193 79 40 25
