17 749 328 188 125
18 524 272 156 80
19 374 234 114 76
20 255.5 211 101 54
21 141.5 197 179 91
22 58 170 56 37
23 22.5 163 43 35
39 800.5 277 211 110
40 580 232 136 71
41 434.5 197 121 61
47 316.5 179 99 51
49 237.5 164 67 41
50 154.5 145 57 33
51 529.5 174 117 54
52 205 124 66 30
53 62 140 40 31
61 935.5 134 51 52
62 827.5 131 119 49
63 688.5 118 105 40
64 562 112 90 41
65 416.5 104 185 67
68 924.5 115 73 39
69 743.5 105 117 42
70 589.5 94 89 39
71 471.5 87 63 31
72 293.5 97 61 28
73 323.5 88 53 29
74 228.5 91 49 25
75 261.5 79 41 21
76 180.5 89 43 24
77 216 78 46 24
