15 750 430 256 134
21 745.5 374 431 231
22 416.5 254 139 74
23 222 208 100 52
24 120.5 183 71 50
25 38 187 74 38
26 31 167 60 38
39 797 274 214 111
40 576.5 227 135 71
41 430 197 122 63
47 311.5 173 97 47
49 228.5 163 73 41
50 163 149 56 33
53 111 148 56 37
54 904.5 189 113 65
55 877.5 231 167 75
56 69.5 138 47 33
57 695 199 148 67
58 378 136 82 45
59 247.5 137 63 36
65 850 132 222 99
72 561.5 108 95 38
74 397.5 99 69 33
75 624 96 86 39
76 287.5 94 59 29
77 417 82 66 33
78 194.5 90 49 28
79 323 79 58 28
