15 422.5 329 163 95
20 891 356 140 99
21 494 297 374 173
22 253 215 100 58
23 113.5 185 77 42
24 29.5 161 57 38
39 797.5 274 213 110
40 577.5 228 135 71
41 431 196 122 62
47 313 173 98 47
49 230 163 72 41
50 162 148 56 33
53 114 147 56 35
54 905 191 112 66
55 876.5 231 169 75
56 67.5 138 45 32
57 693.5 200 149 68
58 172 116 58 32
64 929 136 64 49
65 622.5 115 265 85
72 391 97 72 31
73 765 103 108 47
74 285 94 56 30
75 414 83 58 26
76 217.5 92 47 26
77 337 81 58 30
78 166.5 89 43 26
79 274 76 48 25
