14 153.5 241 99 55
17 932 356 58 121
18 653.5 300 183 91
19 380 236 116 76
20 257 213 104 57
21 142 198 180 92
22 58 169 56 37
23 22 164 42 36
39 800 276 212 110
40 578.5 231 135 71
41 433.5 196 121 61
47 315 177 98 50
49 235 164 68 41
50 156.5 146 57 33
52 724.5 175 145 58
53 73 142 44 33
54 238.5 126 59 35
55 159.5 121 41 27
61 933 136 56 51
62 827.5 130 119 48
63 689.5 118 103 41
64 560.5 112 89 37
65 418.5 104 185 68
69 832 108 114 42
70 675 94 100 38
71 535.5 90 69 36
72 293.5 96 57 28
73 323.5 85 39 26
74 230.5 92 49 26
75 266.5 81 47 23
76 181 88 42 22
77 221 76 42 22
