16 941.5 358 39 76
17 749 328 188 125
18 524 272 156 80
19 374 234 114 76
20 255.5 211 101 54
21 141.5 197 179 91
22 58 170 56 37
23 23 163 44 35
39 800.5 276 211 109
40 580 232 136 71
41 434.5 197 121 61
47 316.5 179 99 51
49 238 164 66 41
50 154.5 145 57 33
51 415.5 156 95 40
52 154 119 54 27
61 935.5 134 51 52
62 828.5 132 119 49
63 688.5 118 105 40
64 562 112 90 41
65 416.5 104 185 67
68 915.5 115 91 44
69 719 105 112 43
70 576.5 92 85 39
71 467.5 87 63 31
72 292.5 98 61 29
73 325 89 54 30
74 228.5 90 49 24
75 260.5 79 39 20
76 180 89 44 24
77 216 77 46 23
