14 93 228 86 50
17 900 354 122 126
18 578.5 284 167 84
19 374.5 236 113 78
20 255.5 211 101 54
21 142 198 180 92
22 58 169 56 37
23 22 164 42 36
39 800 276 212 110
40 578.5 231 135 71
41 433.5 196 121 61
47 315 177 98 50
49 236 164 68 41
50 156.5 146 57 33
52 605.5 162 123 51
53 72 142 44 33
54 188 121 50 33
55 123 116 42 26
61 935 134 52 52
62 827 131 118 49
63 688 117 104 39
64 561 112 90 42
65 417 103 186 66
68 941 115 40 38
69 817 107 112 41
70 663 98 104 40
71 518.5 86 57 30
72 294.5 96 59 27
73 320 84 44 25
74 229.5 93 49 27
75 264.5 81 47 23
76 181 88 40 22
77 219 77 44 24
