14 887.5 456 147 119
15 34 215 66 45
19 861 343 200 128
20 488.5 267 155 79
21 228.5 216 219 107
22 93.5 176 69 40
23 27.5 161 53 34
39 798.5 275 213 110
40 577.5 229 135 71
41 432 197 122 62
47 314 175 98 48
49 232.5 163 71 41
50 159 147 56 33
53 114.5 145 53 31
54 854 186 146 66
55 829 223 168 74
56 65.5 137 43 30
57 493.5 172 109 55
63 797.5 125 121 47
64 615 113 98 40
65 450.5 104 197 73
70 881.5 109 123 47
71 650.5 97 95 42
72 308.5 97 61 30
73 530 91 82 39
74 235 91 48 26
75 356 86 54 29
76 183.5 89 41 22
77 277.5 79 51 27
