8 803.5 475 315 264
9 172.5 310 129 77
10 34.5 239 67 53
16 936.5 367 49 88
17 753 328 192 125
18 525.5 272 155 79
19 376.5 237 113 79
20 258 212 102 55
21 142.5 198 175 91
22 61 172 58 38
23 22 160 42 30
39 804.5 280 213 112
40 583 231 134 68
41 416.5 198 115 64
42 351.5 138 119 74
43 186.5 130 55 33
44 104 129 42 27
61 937 135 48 52
62 831 134 120 50
63 691 120 106 43
64 563.5 113 91 40
65 416.5 105 185 70
67 923 113 76 36
68 805.5 107 111 38
69 674 102 98 38
70 543.5 93 87 38
71 361 87 50 29
72 299.5 96 59 26
73 298 81 58 23
74 233.5 94 49 27
75 222 78 38 20
76 183 92 38 24
