14 853 466 216 142
19 809.5 331 191 126
20 443.5 255 147 76
21 208.5 214 211 105
22 80 172 66 39
23 26.5 163 51 35
39 798.5 275 213 110
40 577.5 229 135 71
41 432 197 122 62
47 314 176 98 49
49 232 164 70 41
50 159 147 56 33
53 114 145 52 31
54 804 180 136 63
55 778 210 162 66
56 65 138 42 30
57 444.5 164 103 51
62 939 131 44 38
63 769.5 124 113 47
64 606 114 96 40
65 444 105 198 72
70 834 108 122 48
71 640.5 96 93 40
72 303 95 60 28
73 526 92 78 40
74 232 90 50 26
75 342.5 84 43 26
76 183.5 87 39 23
77 265 80 52 28
