15 83 225 88 48
19 905 341 112 114
20 559 284 172 89
21 263 228 236 117
22 119 183 70 43
23 29.5 165 57 37
39 798.5 274 213 110
40 577.5 229 135 71
41 432 197 122 62
47 313 175 98 48
49 231.5 163 71 41
50 160 147 56 33
53 115 146 54 32
54 894.5 195 133 71
55 877.5 232 167 76
56 65.5 137 43 30
57 559 180 122 60
63 851 131 128 51
64 641.5 115 97 42
65 462 105 200 74
70 934.5 112 53 45
71 680 97 100 39
72 317.5 96 63 30
73 540 92 88 38
74 243.5 92 47 26
75 364.5 85 55 26
76 187 91 42 24
77 292 80 50 29
79 219 79 46 25
