4 470.5 344 189 106
5 217 257 106 71
6 56.5 219 111 95
16 937 366 48 87
17 755 329 194 126
18 527.5 271 155 78
19 378.5 239 113 81
20 260 213 102 55
21 143.5 199 173 91
22 62.5 172 59 38
35 852.5 231 161 76
36 520.5 217 149 66
37 551 155 112 55
38 193 116 56 26
39 160.5 145 67 37
61 938 136 46 52
62 832 135 120 50
63 693 123 108 46
64 564 112 92 38
65 416 105 184 71
67 893 115 136 45
68 745 107 102 40
69 623.5 97 93 37
70 518 90 72 36
71 266.5 83 47 26
72 240 94 50 26
73 192 82 50 23
74 165.5 90 37 24
