4 288.5 282 137 74
5 125.5 227 85 58
6 27 199 52 78
16 937 365 48 87
17 755.5 329 195 126
18 527.5 271 155 78
19 378.5 239 113 81
20 260 213 102 55
21 143.5 199 173 91
22 62.5 172 59 38
34 850 193 138 69
35 577 191 130 60
36 383.5 191 117 55
37 365.5 137 87 45
38 138 114 46 24
39 96 129 44 28
61 938.5 136 45 52
62 832 135 120 50
63 693 123 108 46
64 564 113 92 38
65 404 104 180 67
67 880.5 114 123 44
68 735.5 105 101 38
69 614 96 88 36
70 502 87 74 33
71 238 80 42 22
72 219.5 94 49 26
73 188.5 78 39 21
