15 328 297 140 81
20 834.5 352 223 111
21 423 274 330 156
22 215.5 205 87 51
23 87 178 70 39
24 21 154 40 35
39 797.5 274 213 110
40 577.5 228 135 71
41 431 196 122 62
47 313 174 98 48
49 231 163 72 41
50 161 148 56 33
53 115 147 56 34
54 905 192 112 66
55 876.5 233 169 76
56 67.5 137 45 31
57 689 197 148 66
58 129.5 113 49 29
64 862.5 132 131 53
65 559.5 111 235 80
71 942 104 38 35
72 362.5 96 69 29
73 672.5 98 99 46
74 270.5 92 53 29
75 396.5 84 59 27
76 207 91 48 26
77 328.5 81 55 31
79 265 78 52 28
