14 855.5 465 211 140
19 813.5 332 193 127
20 447.5 256 149 76
21 210.5 215 211 106
22 81 173 66 39
23 26.5 163 51 35
39 798.5 275 213 110
40 577.5 229 135 71
41 432 197 122 62
47 314 175 98 48
49 232 164 70 41
50 159 147 56 33
53 114.5 145 53 31
54 808.5 181 137 63
55 781 210 162 66
56 65 138 42 30
57 448 164 104 51
62 940.5 132 41 38
63 770.5 124 113 47
64 607 114 96 40
65 444 105 198 72
70 836 108 122 48
71 641.5 97 93 41
72 303 95 60 28
73 526 92 78 40
74 233 90 50 26
75 343.5 84 43 26
76 183.5 87 39 23
77 265 80 52 28
