15 741.5 427 253 133
21 739 375 444 235
22 408 252 138 72
23 216 206 98 52
24 116.5 182 71 49
25 37.5 187 73 38
26 30 167 58 37
39 797 274 214 111
40 576.5 227 135 71
41 430 197 122 63
47 311.5 173 97 47
49 228.5 163 73 41
50 163 149 56 33
53 111 148 56 37
54 904.5 189 113 65
55 877.5 231 167 75
56 69.5 138 47 33
57 695 199 148 67
58 368.5 137 81 45
59 239.5 135 61 35
65 842.5 131 237 99
72 553.5 108 95 38
74 392.5 99 69 33
75 610.5 96 85 39
76 282.5 93 59 29
77 412.5 83 67 34
78 193 89 48 27
79 319 80 58 29
