10 351.5 399 189 113
11 37 245 72 55
16 936.5 367 49 88
17 751.5 328 191 125
18 525.5 272 155 79
19 376 236 114 78
20 258 212 102 55
21 143 198 176 91
22 61 171 58 38
23 24.5 162 47 33
39 803.5 280 211 112
40 582 235 136 71
41 437.5 198 119 60
42 915.5 185 91 109
43 501.5 174 115 52
44 327 160 84 43
45 212.5 122 57 30
46 112.5 112 37 26
47 74 131 34 29
61 936.5 135 49 52
62 829.5 134 119 50
63 690 120 106 43
64 562.5 113 91 40
65 416.5 105 185 69
67 928 114 66 36
68 814 108 112 38
69 680 102 98 38
70 567.5 92 83 35
71 381.5 87 53 29
72 298.5 97 59 27
73 305 82 58 24
74 233 95 48 28
75 230.5 79 39 21
76 184 92 38 24
77 193 79 40 25
