4 495 351 196 108
5 229.5 260 109 72
6 60 222 118 97
16 937 366 48 87
17 755 329 194 126
18 527.5 271 155 78
19 378.5 239 113 81
20 260 213 102 55
21 143.5 199 173 91
22 62.5 172 59 38
35 873 230 134 71
36 535 220 152 68
37 576 158 116 57
38 200 118 56 27
39 168.5 145 67 37
61 938 136 46 52
62 832 135 120 50
63 693 123 108 46
64 564 112 92 38
65 416 105 184 71
67 894 114 134 44
68 746.5 107 103 40
69 623.5 97 93 37
70 519 90 72 36
71 269.5 83 47 26
72 243 95 52 26
73 193 82 48 23
74 167 91 38 24
