15 312 292 136 79
20 822.5 349 231 112
21 412.5 272 325 155
22 211 205 86 51
23 82.5 178 71 39
24 20.5 154 39 35
39 797.5 274 213 110
40 577.5 228 135 71
41 431 196 122 62
47 313 174 98 48
49 231 163 72 41
50 161 148 56 33
53 115 147 56 34
54 905 192 112 66
55 876.5 233 169 76
56 67.5 137 45 31
57 687 198 150 65
58 121 112 48 28
64 848 132 130 55
65 550.5 109 231 79
71 928.5 108 65 43
72 359 97 68 30
73 657.5 95 101 44
74 269 93 54 29
75 394.5 84 59 27
76 205 91 48 25
77 326 82 54 32
79 263.5 79 51 30
