7 721.5 532 257 179
8 570.5 408 491 242
9 62 263 94 62
10 15 212 28 45
16 936.5 367 49 88
17 753 328 192 125
18 525.5 272 155 79
19 376.5 237 113 79
20 259 212 102 55
21 142.5 198 175 91
22 61 172 58 38
39 804.5 280 213 112
40 583.5 228 133 66
41 378 192 112 61
42 252 128 92 62
43 138.5 117 47 23
61 937 135 48 52
62 831 134 120 50
63 691.5 121 107 44
64 563.5 112 91 39
65 416.5 105 185 70
67 922 114 78 37
68 802 107 112 38
69 666 101 96 38
70 541.5 92 85 37
71 353.5 87 49 29
72 299.5 97 59 28
73 293 81 56 22
74 232 93 48 25
75 217.5 79 39 20
76 180 92 38 24
