7 845 534 206 142
8 684.5 460 525 281
9 96.5 279 105 67
10 21.5 224 41 53
16 936.5 367 49 88
17 753 328 192 125
18 525.5 272 155 79
19 376.5 237 113 79
20 258 212 102 55
21 142.5 198 175 91
22 61 172 58 38
23 17 159 32 28
39 804.5 280 213 112
40 583.5 229 133 66
41 396 197 116 64
42 286.5 131 101 69
43 155.5 123 51 29
44 81.5 127 37 29
61 937 135 48 52
62 831 134 120 50
63 691.5 121 107 44
64 563.5 112 91 39
65 416.5 105 185 70
67 922.5 114 77 37
68 803 107 112 38
69 669.5 101 97 38
70 542 93 86 38
71 357 87 50 29
72 299.5 96 59 27
73 294.5 82 57 23
74 232 94 48 26
75 219.5 78 39 20
76 181 92 38 24
