12 732.5 541 293 167
13 428 326 166 91
16 936 368 50 89
17 750.5 328 189 125
18 524.5 271 155 79
19 375 235 114 77
20 257 212 102 55
21 142.5 197 177 91
22 59.5 171 57 38
23 23.5 163 45 34
39 802 277 210 109
40 581 233 136 71
41 436 197 120 60
46 933 211 56 72
47 306.5 178 95 48
48 907.5 234 107 59
49 181 152 56 31
50 113 140 50 30
61 936 135 50 52
62 828.5 132 119 49
63 690 119 106 41
64 562 112 90 40
65 416.5 104 185 68
68 832.5 109 115 37
69 685 101 96 38
70 571 92 84 35
71 426 87 58 30
72 298 99 62 30
73 312 84 52 25
74 231.5 95 47 29
75 247 82 46 24
76 181.5 90 41 22
77 209.5 77 41 23
