9 767 541 320 164
10 251 348 152 92
16 936.5 367 49 88
17 751.5 328 191 125
18 525.5 272 155 79
19 377 236 114 78
20 258 212 102 55
21 143 198 176 91
22 61 171 58 38
23 25 162 48 33
39 804 281 212 113
40 582 235 136 71
41 435 203 120 67
42 790 186 194 118
43 400 161 96 45
44 266 153 76 38
45 176 119 52 29
46 99.5 109 35 25
61 937 135 48 52
62 829.5 134 119 50
63 691 120 106 43
64 562.5 113 91 40
65 416.5 105 185 69
67 927 114 68 36
68 812 108 112 38
69 680.5 102 99 38
70 564.5 92 83 35
71 378 87 52 29
72 298.5 96 59 26
73 304 82 58 24
74 233.5 95 49 28
75 228.5 79 39 21
76 184 92 38 24
77 192 79 40 25
