4 347 301 152 82
5 157 237 92 63
6 37.5 205 73 86
16 937 365 48 87
17 755.5 329 195 126
18 527.5 271 155 78
19 378.5 239 113 81
20 260 213 102 55
21 143.5 199 173 91
22 62.5 172 59 38
34 919 193 84 58
35 668 204 146 65
36 433.5 201 127 61
37 427.5 144 95 50
38 154 116 48 26
39 115.5 139 57 33
61 938.5 136 45 52
62 832 135 120 50
63 693 123 108 46
64 564 113 92 38
65 412.5 104 183 68
67 890 115 142 46
68 738 106 100 39
69 617.5 98 85 37
70 507.5 89 71 35
71 246.5 80 43 23
72 227 94 48 25
73 189.5 80 41 21
