4 463 342 186 105
5 213.5 255 105 70
6 55 218 108 94
16 937 366 48 87
17 755 329 194 126
18 527.5 271 155 78
19 378.5 239 113 81
20 260 213 102 55
21 143.5 199 173 91
22 62.5 172 59 38
35 844.5 231 169 77
36 515.5 217 147 66
37 543 155 110 55
38 190 116 56 26
39 157.5 144 67 36
61 938 136 46 52
62 832 135 120 50
63 693 123 108 46
64 564 113 92 38
65 416 105 184 71
67 892.5 115 137 45
68 745 107 102 40
69 622.5 97 93 37
70 518 90 72 36
71 265.5 83 47 26
72 240 94 50 26
73 191.5 81 51 22
74 164.5 90 37 24
