15 95 228 90 50
19 914.5 342 93 112
20 574.5 288 175 90
21 270 231 240 120
22 124.5 183 71 42
23 30.5 167 59 38
39 798.5 274 213 110
40 577.5 229 135 71
41 432 197 122 62
47 313 175 98 48
49 231.5 163 71 41
50 160 147 56 33
53 115 146 54 32
54 897.5 195 127 70
55 880.5 233 161 77
56 65.5 137 43 30
57 571.5 181 125 60
63 862 132 128 52
64 650 115 96 42
65 464.5 106 201 76
71 690 99 100 40
72 318.5 96 63 30
73 542.5 91 89 37
74 244.5 93 47 27
75 365 86 54 26
76 188.5 91 43 24
77 295 81 50 30
79 221 80 46 26
