14 169 248 100 60
17 940.5 361 41 115
18 673 305 188 93
19 383.5 237 115 77
20 257 214 104 58
21 142 198 180 92
22 58 169 56 37
23 22 164 42 36
39 800 276 212 110
40 578.5 231 135 71
41 432.5 196 121 61
47 315 177 98 50
49 235 164 68 41
50 157.5 146 57 33
52 756.5 179 151 59
53 74 143 44 33
54 252.5 127 61 35
55 173.5 126 49 30
61 935 135 52 50
62 828.5 130 119 48
63 690.5 118 103 41
64 560.5 112 89 37
65 418.5 103 185 67
69 836 108 114 42
70 678.5 93 101 37
71 539.5 91 69 36
72 293.5 96 57 28
73 324.5 84 39 25
74 230.5 93 49 26
75 267.5 81 47 23
76 180 88 42 22
77 222 75 42 22
