14 811.5 445 269 134
19 765.5 321 183 122
20 407 248 136 73
21 193 209 202 102
22 72.5 170 65 37
23 25.5 161 49 33
39 798 275 212 110
40 578.5 230 135 71
41 432 197 122 62
47 314 176 98 49
49 233 164 70 41
50 159 147 56 33
53 111 145 52 31
54 755.5 173 129 59
55 732 204 154 63
56 65 137 42 29
57 400.5 157 91 48
62 924 132 74 43
63 757 123 112 46
64 600.5 114 95 40
65 439.5 104 195 72
70 810 107 118 47
71 633 96 92 39
72 301 95 60 28
73 522 92 74 40
74 230 91 48 26
75 335 84 42 26
76 182.5 88 39 23
77 256.5 81 51 28
