15 105.5 230 93 51
19 923 344 76 113
20 584.5 291 177 91
21 275.5 233 243 122
22 128.5 183 71 41
23 31 168 60 39
39 798.5 274 213 110
40 577.5 229 135 71
41 432 196 122 62
47 313 175 98 48
49 231.5 163 71 41
50 160 147 56 33
53 115 146 54 32
54 898.5 193 125 68
55 880.5 234 161 78
56 65.5 137 43 30
57 580 183 126 60
63 868.5 131 121 50
64 659 116 98 43
65 468 106 202 76
71 700.5 99 101 40
72 320.5 96 63 30
73 545 92 90 38
74 246 92 48 26
75 366.5 86 55 26
76 188.5 91 43 24
77 297.5 81 51 30
79 224 80 46 26
