15 765 436 260 138
21 764.5 372 393 224
22 441 259 144 76
23 236 210 104 52
24 132.5 186 73 50
25 40 188 78 39
26 33.5 168 65 39
39 797 274 214 111
40 576 227 134 71
41 430 197 122 63
47 311.5 172 97 46
49 229 163 74 41
50 163 149 56 33
53 111 148 56 37
54 904.5 189 113 65
55 877.5 230 167 75
56 69.5 138 47 33
57 695 199 148 67
58 403.5 137 87 46
59 271.5 141 69 38
65 869.5 132 183 99
72 583.5 110 95 40
74 412 99 72 33
75 663 97 90 39
76 298 95 60 29
77 429.5 81 65 32
78 199.5 91 49 27
79 333 81 58 28
