11 855 541 212 118
12 237 338 140 93
13 139 237 88 56
16 936 368 50 89
17 751 328 190 125
18 524.5 271 155 79
19 376 236 114 78
20 257 212 102 55
21 142.5 198 177 91
22 59.5 171 57 38
23 24 163 46 34
39 802.5 278 209 109
40 581 234 136 71
41 436 197 120 60
46 428.5 142 81 44
47 277 172 86 46
48 362.5 156 87 40
49 143 142 50 33
50 75 117 32 26
61 936.5 135 49 52
62 829.5 132 119 49
63 690 119 106 42
64 562 112 90 40
65 416.5 104 185 68
67 936.5 116 49 38
68 826 110 114 38
69 683.5 101 97 38
70 572 93 84 35
71 411 87 56 30
72 297.5 98 61 29
73 310 83 54 25
74 231.5 95 47 29
75 242.5 82 43 24
76 182 91 40 23
77 205 78 40 24
