14 262.5 275 121 72
18 767 326 208 101
19 419 242 126 79
20 257.5 211 99 55
21 141 198 180 92
22 57.5 169 55 37
23 22 164 42 36
39 800 276 212 110
40 578.5 230 135 71
41 432.5 196 121 61
47 315 177 98 50
49 234.5 164 69 41
50 157.5 146 57 33
52 893 196 136 62
53 76.5 143 45 33
54 331 132 68 35
55 249.5 138 67 31
56 63 137 40 28
57 137 115 46 28
61 946.5 128 29 41
62 829 128 120 47
63 694.5 118 105 40
64 561 112 88 39
65 417.5 99 183 66
69 854 110 116 43
70 699 94 102 38
71 559 92 74 36
72 294.5 97 59 29
73 329.5 84 39 23
74 229 93 46 26
75 269.5 79 45 23
76 179.5 88 43 23
77 224 74 42 23
