11 779.5 535 293 148
12 195 317 124 81
13 110.5 228 85 52
16 936 368 50 89
17 751 328 190 125
18 524.5 271 155 79
19 376 236 114 78
20 257 212 102 55
21 142.5 198 177 91
22 59.5 171 57 38
23 24 163 46 34
39 802.5 278 209 109
40 581 234 136 71
41 436 197 120 60
46 383 136 74 39
47 268.5 172 91 46
48 321.5 155 81 40
49 136 140 48 30
61 936.5 135 49 52
62 829.5 132 119 49
63 690 119 106 42
64 562 112 90 40
65 416.5 104 185 68
67 936 116 50 38
68 826 109 114 38
69 683.5 101 97 38
70 572 93 84 35
71 409 87 56 30
72 297.5 98 61 29
73 309 83 54 25
74 231.5 95 47 29
75 241.5 81 43 23
76 182 91 40 23
77 204 78 40 24
