15 287 283 128 75
20 797 342 230 109
21 396.5 268 317 152
22 202.5 201 87 50
23 76 176 70 39
24 19 153 36 35
39 797.5 274 213 110
40 577.5 229 135 71
41 431 196 122 62
47 313 174 98 48
49 231 163 72 41
50 161 148 56 33
53 115 147 56 34
54 905 192 112 66
55 876.5 233 169 76
56 67 138 44 31
57 682.5 198 149 65
58 113.5 112 47 29
64 826 131 128 53
65 537 109 228 78
71 910.5 110 101 48
72 353 96 68 28
73 637 94 100 42
74 266 93 54 30
75 390.5 85 57 28
76 203 90 46 24
77 324 82 54 32
79 260.5 79 51 29
