15 193 254 102 62
20 694.5 317 205 98
21 337 250 280 137
22 168 192 78 44
23 51 172 70 40
24 14 154 26 38
39 798.5 274 213 110
40 577.5 229 135 71
41 431 196 122 62
47 313 175 98 48
49 231.5 163 71 41
50 160 148 56 33
53 115.5 146 55 33
54 904 189 114 62
55 881 231 160 74
56 67 138 44 31
57 648.5 196 133 67
63 933 127 56 39
64 745.5 126 117 50
65 495.5 106 215 78
71 797 105 108 45
72 336.5 95 65 29
73 572 93 102 40
74 254.5 91 55 26
75 378 86 58 28
76 196 90 44 24
77 313.5 83 55 32
79 246.5 79 47 28
