13 614 383 212 112
16 936 368 50 89
17 750.5 328 189 125
18 524.5 271 155 79
19 375 235 114 77
20 257 212 102 55
21 142 197 178 91
22 59.5 171 57 38
23 23.5 163 45 34
39 802 277 210 109
40 581 233 136 71
41 435 197 120 60
47 312.5 179 97 51
49 213.5 164 67 39
50 123.5 143 59 33
61 936 135 50 52
62 828.5 132 119 49
63 689.5 119 105 41
64 562 113 90 41
65 416.5 104 185 68
68 837 110 116 38
69 686 100 96 38
70 571 92 84 35
71 431 87 58 30
72 297 99 62 30
73 313.5 84 51 25
74 231 94 46 29
75 248 82 48 24
76 181 90 42 22
77 208.5 77 41 23
