7 342 394 160 128
8 256.5 299 285 157
16 936.5 367 49 88
17 753 328 192 125
18 526.5 272 155 79
19 376.5 237 113 79
20 259 213 102 55
21 143.5 198 175 91
22 61 172 58 38
39 804 278 210 108
40 560.5 227 129 67
41 302 178 98 54
42 170.5 121 75 57
43 98.5 114 39 26
61 937.5 136 47 52
62 831 134 120 50
63 691.5 121 107 44
64 563.5 112 91 39
65 416.5 105 185 70
67 920.5 115 81 39
68 798.5 107 113 38
69 657 101 94 38
70 539 91 82 37
71 344 88 48 29
72 301 97 60 30
73 286 82 54 21
74 230.5 92 47 24
75 212 80 40 20
76 176 92 38 24
