14 844 464 234 143
19 796.5 328 185 124
20 433.5 252 143 75
21 204.5 212 209 103
22 78.5 172 67 39
23 26.5 162 51 35
39 798.5 275 213 110
40 577.5 229 135 71
41 432 197 122 62
47 314 176 98 49
49 232 164 70 41
50 159 147 56 33
53 115 145 52 31
54 791.5 179 135 62
55 765 208 160 65
56 65 138 42 30
57 432.5 162 101 50
62 935 132 52 40
63 766.5 124 113 47
64 605 114 96 40
65 442.5 104 197 72
70 827.5 107 121 47
71 638.5 96 93 40
72 302 95 60 28
73 524.5 92 77 40
74 231.5 91 49 26
75 340.5 84 43 26
76 182.5 88 39 23
77 262 81 52 28
