15 531.5 364 191 109
21 576.5 321 423 193
22 302 227 108 64
23 144 192 82 48
24 56 165 62 40
25 20.5 183 39 38
39 798 274 214 111
40 577.5 228 135 71
41 430 196 122 62
47 311.5 173 97 47
49 229.5 163 73 41
50 162 148 56 33
53 113 148 56 36
54 904.5 190 113 65
55 877 231 168 75
56 69 138 46 32
57 694.5 201 147 69
58 230 119 60 33
59 129 117 42 28
65 697.5 123 283 92
72 439 100 78 34
73 907 111 108 52
74 310.5 96 57 31
75 448 86 72 29
76 235 91 50 26
77 352 83 58 33
78 174 87 44 24
79 284 79 50 28
