14 131.5 235 95 51
17 921 353 80 121
18 626.5 296 177 90
19 376.5 234 113 76
20 256 212 102 55
21 142 198 180 92
22 58 169 56 37
23 22 164 42 36
39 800 276 212 110
40 578.5 231 135 71
41 433.5 196 121 61
47 315 177 98 50
49 235 164 68 41
50 156.5 146 57 33
52 682 172 138 56
53 73 142 44 33
54 220.5 124 57 33
55 148 117 38 25
61 933 139 56 52
62 827.5 130 119 48
63 687.5 119 107 41
64 559.5 112 89 36
65 417.5 105 185 68
69 826.5 107 113 41
70 670.5 98 99 42
71 526 85 72 31
72 293.5 96 57 28
73 321.5 85 39 26
74 231 93 50 27
75 266 82 48 23
76 181 87 42 21
77 221 75 42 21
