15 745.5 428 255 133
21 741 375 440 234
22 411 253 138 73
23 218.5 207 99 52
24 118.5 182 71 49
25 37.5 187 73 38
26 30 166 58 37
39 797 274 214 111
40 576.5 227 135 71
41 430 197 122 63
47 311.5 173 97 47
49 228.5 163 73 41
50 163 149 56 33
53 111 148 56 37
54 904.5 189 113 65
55 877.5 231 167 75
56 69.5 138 47 33
57 695 199 148 67
58 371.5 136 81 45
59 241.5 135 61 35
65 845 131 232 99
72 555.5 108 95 38
74 393.5 99 69 33
75 614.5 96 85 39
76 284.5 93 59 29
77 414.5 82 67 33
78 193.5 89 49 27
79 321 79 58 28
