15 190 253 102 62
20 690 317 204 98
21 335 249 278 136
22 167 192 78 44
23 50 171 70 40
24 14 154 26 38
39 798.5 274 213 110
40 577.5 229 135 71
41 431 196 122 62
47 313 175 98 48
49 231.5 163 71 41
50 160 148 56 33
53 115.5 146 55 33
54 904.5 189 113 62
55 881 231 160 73
56 67 138 44 31
57 646 196 132 68
63 930.5 126 61 39
64 742.5 126 117 50
65 493 106 214 78
71 791.5 105 107 45
72 335.5 96 65 30
73 570 92 102 39
74 254.5 91 55 26
75 377 87 58 28
76 196 90 44 24
77 312.5 83 55 32
79 245.5 79 47 28
