14 841 462 240 142
19 792.5 326 183 123
20 429.5 252 141 75
21 203 213 208 103
22 78 171 68 39
23 26 162 50 35
39 798.5 275 213 110
40 577.5 229 135 71
41 432 197 122 62
47 314 176 98 49
49 232 164 70 41
50 159 147 56 33
53 115 145 52 31
54 787.5 178 135 62
55 760.5 206 159 64
56 65 137 42 29
57 428 161 100 50
62 933.5 132 55 40
63 765.5 124 113 47
64 604 114 96 40
65 442.5 104 197 72
70 825 107 120 47
71 637 96 92 40
72 302 95 60 28
73 524 92 76 40
74 231.5 91 49 26
75 340.5 84 43 26
76 182.5 88 39 23
77 262 81 52 28
