14 896 457 130 118
15 39 216 76 45
19 867.5 345 187 127
20 499 271 156 81
21 234 217 222 107
22 97 178 70 41
23 27.5 161 53 34
39 798.5 274 213 110
40 577.5 229 135 71
41 432 197 122 62
47 314 175 98 48
49 232.5 163 71 41
50 159 147 56 33
53 114.5 146 53 32
54 863.5 188 147 67
55 840 226 170 76
56 65.5 137 43 30
57 504.5 174 111 56
63 805.5 125 123 47
64 618.5 114 99 41
65 451.5 104 197 73
70 897.5 109 127 47
71 653.5 97 95 42
72 309.5 97 61 30
73 531.5 91 83 39
74 236.5 91 47 26
75 359 87 56 30
76 184 89 42 21
77 280.5 79 51 27
