17 756 328 190 127
18 524 272 156 80
19 374 234 114 76
20 255.5 211 101 54
21 141.5 198 179 92
22 58 170 56 37
23 22.5 163 43 35
39 800.5 277 211 110
40 580 232 136 71
41 434.5 197 121 61
47 316.5 179 99 51
49 237.5 164 67 41
50 155.5 145 57 33
51 639.5 190 133 57
52 261 127 70 33
53 64.5 141 41 32
61 935 134 52 52
62 827.5 131 119 49
63 688.5 118 105 40
64 561 112 90 41
65 416.5 104 185 67
68 930 114 62 36
69 761.5 105 119 42
70 601 95 92 39
71 477 87 64 31
72 293.5 97 61 28
73 323 87 52 28
74 228.5 91 49 25
75 262 79 42 21
76 180 89 42 24
77 217 79 46 25
