14 560 368 202 104
18 923.5 353 75 89
19 618.5 289 157 104
20 308.5 223 111 61
21 153 199 182 92
22 56.5 169 57 37
23 21 162 40 34
39 799 275 212 110
40 578.5 230 135 71
41 432.5 197 121 62
47 314 176 98 49
49 234 164 70 41
50 158 147 56 33
53 83.5 144 47 34
54 567.5 153 105 49
55 552.5 181 123 52
56 63.5 137 41 29
57 267.5 138 69 40
62 872 132 130 52
63 720.5 122 109 44
64 580.5 113 91 40
65 423.5 102 187 70
69 915.5 112 91 43
70 746.5 99 107 42
71 604 93 86 35
72 296.5 96 61 30
73 499 91 70 39
74 229 91 52 25
75 302 82 44 23
76 182 89 40 24
77 235.5 79 45 28
