14 102 229 88 50
17 904.5 354 113 125
18 588.5 286 169 85
19 374.5 235 113 77
20 255.5 211 101 54
21 142 198 180 92
22 58 169 56 37
23 22 164 42 36
39 800 276 212 110
40 578.5 231 135 71
41 433.5 196 121 61
47 315 177 98 50
49 235 164 68 41
50 156.5 146 57 33
52 623 165 126 52
53 72 142 44 33
54 195.5 121 51 33
55 129 116 42 26
61 934.5 135 53 52
62 827 131 118 49
63 687.5 118 105 40
64 561 111 90 40
65 417 103 186 66
68 943 114 36 37
69 819 107 112 41
70 664.5 99 103 41
71 520.5 86 61 30
72 294.5 96 59 27
73 320 85 42 26
74 229.5 93 49 27
75 265 81 48 23
76 181 88 40 22
77 220 77 44 23
