14 187 253 104 63
17 948.5 367 25 108
18 694 310 194 94
19 386.5 237 113 78
20 257 213 104 58
21 141 198 180 92
22 58 169 56 37
23 22 164 42 36
39 800 276 212 110
40 578.5 231 135 71
41 432.5 196 121 61
47 315 177 98 50
49 235 164 68 41
50 157.5 146 57 33
52 788 184 158 60
53 74.5 143 45 33
54 267.5 127 63 34
55 188 133 58 33
56 61 137 40 31
61 937.5 133 47 48
62 829 130 120 48
63 691.5 118 103 41
64 560.5 112 89 38
65 418.5 102 185 67
69 839 108 114 42
70 682.5 94 101 38
71 543 91 70 36
72 293.5 96 57 28
73 325.5 85 39 25
74 230 93 48 26
75 268 80 46 23
76 180 88 42 22
77 222 75 42 22
