6 634 477 654 310
7 36.5 258 71 70
16 936.5 366 49 87
17 753.5 329 193 126
18 526.5 271 155 78
19 377.5 238 113 80
20 259 213 102 55
21 143 198 174 91
22 61.5 172 59 38
36 944.5 271 33 54
38 932.5 202 57 55
39 671.5 246 181 91
40 354 190 94 50
41 108 143 50 34
61 937.5 136 47 52
62 831 135 120 50
63 691.5 122 107 45
64 563.5 113 91 39
65 416.5 105 185 70
67 917 114 88 39
68 786 109 112 43
69 638.5 101 97 40
70 535 91 80 37
71 324 83 50 28
72 298.5 95 59 26
73 262 83 50 24
74 219 93 48 26
75 186 81 36 24
