4 454.5 339 183 104
5 210 255 104 70
6 54 218 106 94
16 937 366 48 87
17 755 329 194 126
18 527.5 271 155 78
19 378.5 239 113 81
20 260 213 102 55
21 143.5 199 173 91
22 62.5 172 59 38
35 838 232 178 79
36 510 215 146 65
37 534.5 153 109 54
38 187.5 116 55 26
39 154.5 144 67 36
61 938 136 46 52
62 832 135 120 50
63 693 123 108 46
64 564 113 92 38
65 416 105 184 71
67 892.5 115 137 45
68 744 107 102 40
69 622.5 97 93 37
70 518 90 72 36
71 264.5 84 47 26
72 238.5 94 49 26
73 190.5 81 51 22
74 164 89 36 23
