14 26 211 50 44
17 854.5 350 213 138
18 525 273 156 81
19 374 234 114 76
20 255.5 211 101 54
21 141.5 198 179 92
22 58 170 56 37
23 22.5 164 43 36
39 799.5 276 211 110
40 579.5 231 135 71
41 433.5 197 121 61
47 315.5 177 99 50
49 236 164 68 41
50 155.5 145 57 33
51 902.5 233 117 76
52 442.5 144 99 43
53 68.5 142 43 33
54 125 115 44 29
61 935 134 52 52
62 827 131 118 49
63 688.5 118 105 40
64 561 112 90 41
65 416.5 103 185 66
68 932.5 116 57 38
69 794 108 116 46
70 639 96 98 40
71 487.5 86 65 31
72 295 96 62 27
73 320 85 48 26
74 228 92 48 26
75 262.5 81 45 23
76 180.5 89 39 23
77 218.5 79 47 26
