14 388 315 154 88
18 860 353 202 112
19 504 264 138 91
20 266 214 104 56
21 140 197 178 92
22 56 170 50 37
23 22 162 42 35
39 799 275 212 110
40 578.5 230 135 71
41 432.5 197 121 62
47 314 176 98 49
49 233.5 164 69 41
50 158.5 146 57 33
53 79 144 46 34
54 435 143 88 43
55 381.5 165 97 51
56 63 136 40 28
57 193 122 56 28
62 843.5 130 123 50
63 705 121 108 42
64 570 112 90 39
65 418.5 100 185 66
69 875 112 118 45
70 721.5 95 105 39
71 581 93 80 36
72 295.5 95 61 29
73 454.5 93 87 35
74 229 92 50 24
75 280 80 44 23
76 180 88 40 24
77 227 76 42 25
