14 137.5 236 97 51
17 924 354 74 121
18 634 297 178 90
19 377 235 114 76
20 256.5 212 103 56
21 142 198 180 92
22 58 169 56 37
23 22 164 42 36
39 800 276 212 110
40 578.5 231 135 71
41 433.5 196 121 61
47 315 177 98 50
49 235 164 68 41
50 156.5 146 57 33
52 694 173 140 57
53 73 142 44 33
54 225 124 58 33
55 151.5 119 39 26
61 933 138 56 52
62 827.5 130 119 48
63 688 118 106 41
64 559.5 112 89 37
65 417.5 105 185 68
69 828.5 107 113 41
70 672 96 100 40
71 528.5 86 71 32
72 293.5 96 57 28
73 322.5 85 39 26
74 231 92 50 26
75 267 81 48 23
76 181 87 42 21
77 221 75 42 21
