14 784.5 439 259 134
19 750 319 184 122
20 393.5 245 133 71
21 187.5 208 197 102
22 68.5 169 63 36
23 25 160 48 31
39 798 275 212 110
40 578.5 230 135 71
41 432 197 122 62
47 314 176 98 49
49 233 164 70 41
50 159 147 56 33
53 107.5 144 51 31
54 736.5 169 125 56
55 715 203 150 62
56 65 137 42 29
57 384.5 154 85 46
62 918.5 133 85 45
63 751.5 123 111 46
64 597 114 94 40
65 437 103 194 72
70 801 105 116 46
71 629.5 95 91 38
72 299.5 94 59 27
73 520 92 72 40
74 230 91 48 26
75 332 84 42 26
76 181.5 88 39 23
77 253.5 81 51 28
