14 340.5 299 143 80
18 833 344 224 109
19 469.5 257 131 88
20 260 212 102 56
21 141 198 180 92
22 57.5 169 55 37
23 22 164 42 36
39 799 275 212 110
40 578.5 230 135 71
41 432.5 197 121 62
47 314 176 98 49
49 234.5 164 69 41
50 157.5 146 57 33
52 936 192 50 49
53 78 144 46 34
54 397 140 82 41
55 331 153 80 42
56 63 137 40 28
57 170.5 120 55 28
62 838 129 122 49
63 701.5 119 107 41
64 566.5 112 89 39
65 418 100 184 66
69 868 111 118 44
70 714 95 104 39
71 573 92 78 36
72 295 96 60 29
73 409 90 70 31
74 229.5 93 49 25
75 276 79 44 23
76 179.5 88 41 24
77 226 75 42 24
