15 218.5 261 111 65
20 723.5 324 211 103
21 355 257 292 143
22 177.5 196 81 47
23 57.5 173 67 40
24 15 152 28 35
39 797.5 274 213 110
40 577.5 229 135 71
41 431 196 122 62
47 313 175 98 48
49 231 163 72 41
50 161 148 56 33
53 116 146 56 33
54 903 190 116 64
55 881.5 233 159 78
56 67 138 44 31
57 662.5 196 139 64
63 948 130 26 37
64 768 128 120 50
65 507 107 220 77
71 832.5 107 115 47
72 340 95 66 27
73 590 94 100 40
74 257.5 92 55 28
75 381.5 86 57 28
76 198 90 44 24
77 317.5 82 55 31
79 250 78 48 27
