10 815 541 264 125
11 192 320 120 82
12 30.5 230 59 53
16 936 368 50 89
17 751.5 328 191 125
18 525.5 271 155 79
19 376 236 114 78
20 258 212 102 55
21 142 198 176 91
22 60 171 58 38
23 24.5 163 47 34
39 803.5 279 209 109
40 582 235 136 71
41 437 197 120 60
44 646.5 202 129 64
45 386.5 141 79 42
46 179 119 46 27
47 159.5 147 53 30
48 122.5 125 39 23
61 936.5 135 49 52
62 829.5 133 119 49
63 690 119 106 42
64 562.5 112 91 40
65 416.5 105 185 69
67 931.5 115 59 37
68 818.5 109 113 38
69 682 101 98 38
70 570 93 84 35
71 394 87 54 29
72 298 97 60 27
73 307 82 56 24
74 233 94 48 28
75 235.5 80 41 22
76 183.5 91 39 23
77 198 78 40 24
