9 568 488 260 156
10 173 314 124 80
16 936.5 367 49 88
17 752.5 328 191 125
18 525.5 272 155 79
19 377 236 114 78
20 258 212 102 55
21 143 198 176 91
22 61 172 58 38
23 25 162 48 33
39 804 281 212 113
40 583 235 136 71
41 435.5 201 119 65
42 644.5 166 175 103
43 324.5 152 79 41
44 217.5 141 57 32
45 145 120 44 30
61 937 135 48 52
62 829.5 134 119 50
63 691 120 106 43
64 562.5 113 91 40
65 416.5 104 185 69
67 925.5 114 71 36
68 810.5 108 111 38
69 679.5 102 99 38
70 556.5 92 85 36
71 374 87 52 29
72 298.5 96 59 26
73 303.5 82 59 24
74 233.5 95 49 28
75 227 79 38 21
76 185 92 38 24
77 190 79 40 25
