14 528.5 359 193 100
18 913 349 96 91
19 598.5 283 155 101
20 299 222 108 61
21 150 198 182 92
22 56.5 170 57 38
23 21 161 40 34
39 799 275 212 110
40 578.5 230 135 71
41 432.5 197 121 62
47 314 176 98 49
49 234 164 70 41
50 158 147 56 33
53 81.5 144 47 34
54 542.5 151 101 47
55 522.5 179 117 53
56 63.5 137 41 29
57 253 135 68 38
62 865 132 128 52
63 717.5 122 109 44
64 578.5 113 91 40
65 422.5 101 187 69
69 909 112 104 44
70 742.5 99 107 42
71 600.5 93 85 35
72 297 95 62 30
73 494 90 72 38
74 229 92 52 25
75 297 81 44 23
76 181 88 40 24
77 234 78 44 27
