7 510.5 466 205 163
8 393 342 376 189
9 28.5 245 55 58
16 936.5 367 49 88
17 753 328 192 125
18 526.5 272 155 79
19 376.5 237 113 79
20 259 213 102 55
21 143.5 198 175 91
22 61 172 58 38
39 804 281 212 112
40 581.5 231 133 69
41 346 186 104 59
42 208 122 86 57
43 118.5 116 43 26
61 937.5 135 47 52
62 831 134 120 50
63 691.5 121 107 44
64 563.5 112 91 39
65 416.5 105 185 70
67 921.5 114 79 38
68 800.5 107 113 38
69 661.5 101 95 38
70 540.5 91 83 37
71 349.5 88 49 29
72 300.5 97 59 29
73 289.5 82 55 22
74 231.5 93 47 25
75 215 79 40 20
76 178 92 38 24
