14 163 245 100 58
17 937 359 48 118
18 665 303 186 92
19 382 236 116 76
20 257 214 104 58
21 142 198 180 92
22 58 169 56 37
23 22 164 42 36
39 800 276 212 110
40 578.5 231 135 71
41 433.5 196 121 61
47 315 177 98 50
49 235 164 68 41
50 157.5 146 57 33
52 743.5 178 149 59
53 74 142 44 33
54 247 126 60 35
55 167.5 124 45 29
61 934 134 54 50
62 827.5 130 119 48
63 690.5 118 103 41
64 560.5 112 89 37
65 418.5 104 185 68
69 834 108 114 42
70 677 92 100 37
71 538.5 90 69 36
72 293.5 96 57 28
73 323.5 85 39 26
74 230.5 92 49 26
75 267.5 81 47 23
76 180 88 42 22
77 221 75 42 22
