15 671.5 409 235 125
21 689.5 358 487 223
22 368 242 126 69
23 185 201 92 49
24 94 175 68 43
25 34 186 66 36
26 19.5 165 37 34
39 797 274 214 111
40 576.5 228 135 71
41 430 197 122 63
47 311.5 173 97 47
49 228.5 163 73 41
50 163 148 56 33
53 112 147 56 36
54 904.5 189 113 65
55 877.5 231 167 75
56 69.5 138 47 32
57 695 200 148 68
58 314 129 76 40
59 192 128 52 34
65 805.5 130 311 100
72 508.5 104 87 37
74 358 96 64 31
75 540 89 72 32
76 263 92 56 28
77 386 80 60 29
78 186 90 48 28
79 304 78 54 25
