15 792.5 446 267 143
21 825 374 272 216
22 507.5 275 159 82
23 277.5 222 113 58
24 160 191 80 54
25 46.5 189 91 41
26 40.5 169 79 38
39 797 274 214 111
40 576 227 134 71
41 430 197 122 63
47 311.5 172 97 46
49 228 163 74 41
50 164 149 56 33
53 110 148 56 38
54 904 187 114 64
55 878 230 166 75
56 70 138 48 33
57 696.5 198 149 66
58 472 142 98 44
59 338 145 78 40
65 927 133 68 98
72 652 117 104 45
74 456.5 100 73 32
75 791 105 108 44
76 328.5 95 67 30
77 468.5 82 71 33
78 210.5 90 51 25
79 360 81 60 32
