15 98.5 229 91 50
19 917.5 342 87 112
20 578 290 176 91
21 271.5 232 241 121
22 126.5 183 71 42
23 31 167 60 38
39 798.5 274 213 110
40 577.5 229 135 71
41 432 197 122 62
47 313 175 98 48
49 231.5 163 71 41
50 160 147 56 33
53 115 146 54 32
54 898 194 126 69
55 880.5 233 161 77
56 65.5 137 43 30
57 574.5 182 125 60
63 863.5 131 125 51
64 653 115 96 42
65 465.5 106 201 76
71 693.5 99 101 40
72 319.5 96 63 30
73 542.5 91 89 37
74 244.5 93 47 27
75 366.5 86 55 26
76 188.5 91 43 24
77 296 81 50 30
79 222 80 46 26
