15 271 277 124 72
20 779 338 226 107
21 386.5 264 311 149
22 197.5 198 89 49
23 70.5 174 69 39
24 17.5 152 33 35
39 797.5 274 213 110
40 577.5 229 135 71
41 431 196 122 62
47 313 174 98 48
49 231 163 72 41
50 161 148 56 33
53 116 147 56 34
54 905 192 112 66
55 876.5 233 169 76
56 67 138 44 31
57 677 196 146 65
58 109 111 46 29
64 810.5 129 125 50
65 528.5 109 227 77
71 899 109 124 49
72 348.5 95 67 26
73 624 95 98 41
74 264 93 54 31
75 388.5 85 55 28
76 201.5 89 45 23
77 323 81 54 31
79 258 78 50 27
