15 688 414 238 128
21 705.5 362 487 226
22 375.5 242 127 68
23 191 202 94 50
24 98 176 68 45
25 34.5 187 67 37
26 21.5 166 41 35
39 797 274 214 111
40 576.5 228 135 71
41 430 197 122 63
47 311.5 173 97 47
49 228.5 163 73 41
50 163 149 56 33
53 112 147 56 36
54 904.5 189 113 65
55 877.5 231 167 75
56 69.5 139 47 33
57 695 200 148 68
58 326.5 130 77 40
59 201 129 50 35
65 813 131 296 100
72 518 105 88 38
74 365.5 96 65 32
75 554.5 90 73 33
76 268 94 58 29
77 392.5 81 61 29
78 188 90 48 28
79 308 78 54 24
