14 220 262 112 67
18 726.5 318 201 101
19 399 240 122 80
20 256.5 213 103 58
21 141 198 180 92
22 58 169 56 37
23 22 164 42 36
39 800 276 212 110
40 578.5 231 135 71
41 432.5 196 121 61
47 315 177 98 50
49 234.5 164 69 41
50 157.5 146 57 33
52 845 192 166 66
53 75.5 143 45 33
54 295 131 66 36
55 216.5 135 57 34
56 62 136 40 28
57 121.5 111 39 24
61 941.5 131 39 45
62 829 128 120 47
63 693 118 104 41
64 561.5 111 89 38
65 418 101 184 67
69 846.5 110 115 43
70 690 94 102 38
71 551 91 72 36
72 294 96 58 28
73 327.5 84 39 24
74 229.5 93 47 26
75 269 79 46 23
76 180 88 42 23
77 223 75 42 23
