15 93 227 90 49
19 912 341 98 112
20 570 287 174 90
21 268.5 230 239 119
22 123 183 70 42
23 30.5 167 59 38
39 798.5 274 213 110
40 577.5 229 135 71
41 432 197 122 62
47 313 175 98 48
49 231.5 163 71 41
50 160 147 56 33
53 115 146 54 32
54 897 195 128 70
55 880.5 234 161 77
56 65.5 137 43 30
57 569.5 181 125 60
63 860 132 130 52
64 646.5 115 95 42
65 464 106 200 76
70 942.5 113 37 45
71 687 98 100 39
72 318.5 96 63 30
73 541 91 88 37
74 244.5 93 47 27
75 365 86 54 26
76 187.5 91 43 24
77 295 81 50 30
79 220 80 46 26
