14 723 421 240 130
19 712 310 176 113
20 365.5 237 125 67
21 176.5 205 195 96
22 63.5 169 61 36
23 23.5 165 45 35
39 799 275 212 110
40 578.5 230 135 71
41 432 197 122 62
47 314 176 98 49
49 233 164 70 41
50 159 147 56 33
53 101 144 50 32
54 693.5 165 121 54
55 679 204 146 67
56 65 137 42 29
57 349 148 80 42
62 906.5 134 109 49
63 740.5 123 109 46
64 592.5 113 93 40
65 433 103 192 72
70 781.5 104 113 46
71 622 95 90 37
72 297.5 94 59 27
73 516.5 91 69 40
74 228.5 92 47 26
75 326.5 84 41 26
76 180 88 38 22
77 247 81 50 28
