14 304 289 132 77
18 802.5 338 217 108
19 443.5 251 129 85
20 259.5 212 101 56
21 141 198 180 92
22 57.5 169 55 37
23 22 164 42 36
39 799 276 212 110
40 578.5 230 135 71
41 432.5 197 121 62
47 314 176 98 49
49 234.5 164 69 41
50 157.5 146 57 33
52 917.5 196 87 62
53 78 143 46 33
54 368.5 136 73 41
55 295.5 151 77 40
56 63 137 40 28
57 155.5 118 51 29
62 833.5 129 121 48
63 698.5 119 107 41
64 564.5 112 89 39
65 418 99 184 66
69 862.5 111 117 44
70 706.5 94 103 38
71 567 92 76 36
72 295 97 60 29
73 371.5 87 55 27
74 228.5 92 47 25
75 273 79 44 23
76 180 89 42 24
77 225 75 42 24
