14 223 264 112 68
18 730 319 202 102
19 401 240 124 80
20 256 213 102 58
21 141 198 180 92
22 58 169 56 37
23 22 164 42 36
39 800 276 212 110
40 578.5 231 135 71
41 432.5 196 121 61
47 315 177 98 50
49 234.5 164 69 41
50 157.5 146 57 33
52 851.5 192 167 66
53 75.5 143 45 33
54 298.5 131 67 36
55 219.5 135 57 34
56 63 137 40 28
57 122 111 38 24
61 942 130 38 44
62 829 128 120 47
63 693 118 104 41
64 561.5 112 89 39
65 418 101 184 67
69 846.5 110 115 43
70 691 94 102 38
71 551 91 72 36
72 294 96 58 28
73 327.5 84 39 24
74 229.5 93 47 26
75 269 79 46 23
76 179 88 42 23
77 223 75 42 23
