14 828.5 453 265 138
19 777 323 182 122
20 417 249 138 74
21 197.5 211 205 102
22 75.5 171 67 38
23 25.5 162 49 34
39 798 275 212 110
40 578.5 229 135 71
41 432 197 122 62
47 314 176 98 49
49 233 164 70 41
50 159 147 56 33
53 113 145 52 31
54 768.5 175 131 60
55 744 205 156 63
56 65 137 42 29
57 412.5 159 95 49
62 928 132 66 42
63 760 124 112 47
64 601.5 114 95 40
65 441 104 196 72
70 816.5 107 119 47
71 635 95 92 39
72 301 95 60 28
73 522.5 92 75 40
74 231.5 91 49 26
75 337 84 42 26
76 182.5 88 39 23
77 258.5 81 51 28
