15 466.5 343 175 101
20 917 360 88 95
21 526 307 396 180
22 271.5 216 101 57
23 126 187 80 42
24 34.5 163 67 38
39 797.5 273 213 110
40 577.5 228 135 71
41 431 196 122 62
47 312.5 173 97 47
49 230 163 72 41
50 162 148 56 33
53 114 147 56 35
54 905 191 112 66
55 877 231 168 75
56 68 138 46 32
57 694.5 201 147 69
58 194 120 60 34
59 106 110 40 24
65 651.5 118 269 89
72 408.5 97 73 29
73 814 106 126 49
74 294 93 56 29
75 422.5 83 69 26
76 223 91 48 25
77 342 82 58 30
78 168.5 87 45 26
79 278 78 50 27
