15 721 424 246 133
21 726.5 372 469 234
22 393.5 247 133 70
23 205 204 96 51
24 109 179 70 48
25 36 187 70 38
26 26.5 166 51 36
39 797 274 214 111
40 576.5 228 135 71
41 430 197 122 63
47 311.5 173 97 47
49 228.5 163 73 41
50 163 149 56 33
53 111 148 56 37
54 904.5 189 113 65
55 877.5 231 167 75
56 69.5 138 47 33
57 695 199 148 67
58 350.5 134 79 43
59 221.5 132 55 35
65 829.5 131 263 99
72 537 107 92 38
74 380.5 98 67 33
75 585 94 80 37
76 276.5 93 59 29
77 404 82 66 32
78 190 89 48 27
79 314.5 79 57 27
