7 769.5 541 251 174
8 614 428 512 257
9 73.5 269 99 64
10 17 215 32 47
16 936.5 367 49 88
17 753 328 192 125
18 525.5 272 155 79
19 376.5 237 113 79
20 259 212 102 55
21 142.5 198 175 91
22 61 172 58 38
39 804.5 280 213 112
40 583.5 228 133 66
41 385 195 114 62
42 264 128 96 64
43 144.5 120 49 26
44 74.5 125 35 29
61 937 135 48 52
62 831 134 120 50
63 691.5 121 107 44
64 563.5 112 91 39
65 416.5 105 185 70
67 922 114 78 37
68 803 107 112 38
69 667 101 96 38
70 541.5 93 85 38
71 354.5 87 49 29
72 299.5 97 59 28
73 293.5 81 57 22
74 232 94 48 26
75 218.5 79 39 20
76 181 92 38 24
