6 663.5 480 595 307
7 53 267 80 76
8 40.5 207 79 86
16 936.5 366 49 87
17 753.5 329 193 126
18 526.5 271 155 78
19 377.5 238 113 80
20 259 213 102 55
21 143 198 174 91
22 61.5 172 59 38
39 700.5 255 191 96
40 382.5 194 97 54
41 119.5 144 49 35
61 937.5 136 47 52
62 831 135 120 50
63 691.5 121 107 44
64 563.5 113 91 39
65 416.5 105 185 70
67 917.5 113 87 38
68 785.5 110 109 43
69 639 101 98 40
70 534.5 92 81 38
71 325 83 50 27
72 298.5 94 59 25
73 264 83 50 24
74 221.5 94 49 27
75 189.5 80 37 24
