4 762.5 438 267 144
5 351.5 296 139 85
6 99.5 243 197 119
16 937 366 48 87
17 755 329 194 126
18 527.5 271 155 78
19 377.5 238 113 80
20 260 213 102 55
21 144 199 174 91
22 62.5 172 59 38
36 668.5 245 183 78
37 817 188 160 72
38 275 126 66 31
39 246.5 165 71 44
40 78 126 38 26
61 938 136 46 52
62 832 135 120 50
63 692.5 122 107 45
64 564 113 92 39
65 416.5 105 185 71
67 901 113 120 42
68 754.5 107 109 40
69 630 98 94 38
70 523.5 88 73 35
71 289 83 48 28
72 256.5 96 55 27
73 209.5 82 49 23
74 177.5 91 41 23
