14 598.5 381 211 111
18 936.5 352 49 79
19 641.5 296 159 108
20 320.5 225 115 62
21 157 200 182 93
22 57.5 169 57 36
23 21.5 163 41 35
39 799 275 212 110
40 578.5 230 135 71
41 432.5 197 121 62
47 314 176 98 49
49 233 164 70 41
50 158 147 56 33
53 88 144 48 33
54 599 156 110 51
55 586.5 186 129 55
56 63.5 137 41 29
57 287 141 72 42
62 879.5 134 131 53
63 723 122 108 45
64 582.5 113 91 40
65 426 102 188 71
69 923.5 113 75 43
70 751 100 108 43
71 608.5 93 87 35
72 296 97 60 31
73 506 90 68 39
74 229 92 52 26
75 308 82 44 23
76 182 89 40 24
77 238 80 46 29
