15 773.5 439 261 139
21 780.5 371 361 223
22 459.5 261 149 76
23 248 214 106 55
24 140.5 187 75 49
25 42 189 82 41
26 35.5 167 69 37
39 797 274 214 111
40 576 227 134 71
41 430 197 122 63
47 311.5 172 97 46
49 229 163 74 41
50 163 149 56 33
53 110 148 56 37
54 904.5 189 113 65
55 877.5 230 167 75
56 69.5 138 47 33
57 695 199 148 67
58 424 141 92 48
59 289.5 143 71 40
65 885 131 152 99
72 600.5 110 95 40
74 425 100 76 33
75 695 100 96 40
76 306.5 94 61 27
77 440.5 83 67 33
78 202.5 90 47 25
79 341.5 82 59 29
