15 496 353 180 105
20 935 356 52 83
21 549.5 313 409 186
22 286 221 104 60
23 134.5 189 81 45
24 45.5 163 61 39
25 15.5 182 29 37
39 797.5 274 213 111
40 577.5 228 135 71
41 430 196 122 62
47 312.5 173 97 47
49 230.5 163 73 41
50 162 148 56 33
53 114 147 56 35
54 904.5 190 113 65
55 877 231 168 75
56 68 138 46 32
57 694.5 201 147 69
58 210.5 119 59 33
59 115 112 40 25
65 673.5 120 275 90
72 422.5 98 75 31
73 858 109 124 51
74 301 94 56 30
75 432.5 85 71 28
76 228 92 48 26
77 346 82 58 31
78 171 86 44 24
79 281.5 79 51 28
