14 605 383 212 112
18 938.5 351 45 77
19 645.5 297 159 108
20 323 226 116 62
21 157.5 201 183 94
22 57.5 168 57 35
23 21.5 163 41 35
39 799 275 212 110
40 578.5 230 135 71
41 431.5 197 121 62
47 314 176 98 49
49 233 164 70 41
50 158 147 56 33
53 88 144 48 33
54 604 157 110 51
55 592 187 130 56
56 63.5 137 41 29
57 290 141 72 42
62 881 134 132 53
63 724 122 108 45
64 582.5 113 91 40
65 426 102 188 71
69 925 112 72 42
70 752 101 108 44
71 609.5 93 87 35
72 296 97 60 31
73 506.5 91 67 40
74 229 92 52 26
75 309 82 44 23
76 182 89 40 24
77 239 80 46 29
