9 305.5 370 175 103
10 76 266 90 62
16 936.5 367 49 88
17 753 328 192 125
18 525.5 272 155 79
19 376.5 237 113 79
20 258 212 102 55
21 143 198 176 91
22 61 172 58 38
23 25 162 48 33
39 804.5 281 213 113
40 582.5 232 135 69
41 433.5 201 121 65
42 457 145 138 85
43 232 140 66 37
44 119.5 143 49 32
45 112 112 38 24
61 937 135 48 52
62 830 134 120 50
63 691 120 106 43
64 563.5 113 91 40
65 416.5 104 185 69
67 924 113 74 35
68 807.5 107 111 38
69 678.5 102 99 38
70 544 93 88 38
71 367.5 87 51 29
72 299.5 96 59 26
73 302 81 60 23
74 233.5 95 49 28
75 224.5 78 37 20
76 184.5 92 37 24
77 188 80 40 26
