12 305 369 164 106
13 182.5 248 99 61
16 936 368 50 89
17 751 328 190 125
18 524.5 271 155 79
19 376 235 114 77
20 257 212 102 55
21 142.5 197 177 91
22 59.5 171 57 38
23 24 163 46 34
39 803 278 210 109
40 581 234 136 71
41 436 197 120 60
46 502.5 152 89 47
47 287 175 90 48
48 431.5 167 103 47
49 161 152 52 38
50 77.5 122 29 28
61 936 135 50 52
62 829.5 132 119 49
63 690 119 106 42
64 562 112 90 40
65 416.5 104 185 68
67 938 118 46 40
68 828 110 114 38
69 684.5 101 97 38
70 572 93 84 35
71 414 87 56 30
72 297.5 98 61 29
73 310.5 83 53 25
74 231.5 95 47 29
75 244 82 44 24
76 182.5 90 41 22
77 206 78 40 24
