14 77 223 84 48
17 892 351 138 126
18 564 281 164 84
19 374.5 235 113 77
20 255.5 211 101 54
21 142 198 180 92
22 58 169 56 37
23 22 164 42 36
39 800 276 212 110
40 578.5 231 135 71
41 433.5 196 121 61
47 315 177 98 50
49 236 164 68 41
50 156.5 146 57 33
52 577 159 118 50
53 70.5 142 43 33
54 176 119 50 30
55 116.5 115 41 25
61 935 134 52 52
62 827 131 118 49
63 688 117 104 39
64 561 112 90 42
65 417 103 186 66
68 937 117 48 39
69 812.5 109 113 45
70 660.5 97 103 40
71 514 84 56 30
72 295.5 96 61 27
73 319.5 84 45 25
74 228 93 48 27
75 263.5 81 47 23
76 181.5 88 39 22
77 219 79 46 26
