15 440.5 335 169 98
20 901 357 120 97
21 507.5 301 383 176
22 260.5 216 101 58
23 119 186 78 42
24 31.5 162 61 38
39 797.5 273 213 110
40 577.5 228 135 71
41 431 196 122 62
47 312.5 173 97 47
49 230 163 72 41
50 162 148 56 33
53 114 147 56 35
54 905 191 112 66
55 876.5 231 169 75
56 67.5 138 45 32
57 694.5 201 147 69
58 181 117 60 32
59 98.5 110 37 25
65 634 116 268 86
72 397.5 97 73 30
73 784.5 103 115 47
74 289 93 56 29
75 417.5 83 61 26
76 219.5 91 47 25
77 339 82 58 31
78 167.5 89 45 26
79 275 76 48 25
