10 760 541 328 148
11 158.5 306 109 78
12 25 223 48 53
16 937 368 50 89
17 751.5 328 191 125
18 525.5 271 155 79
19 376 236 114 78
20 258 212 102 55
21 142 198 176 91
22 60 171 58 38
23 24.5 163 47 34
39 803.5 278 209 109
40 582 235 136 71
41 437 197 120 60
43 910.5 228 101 61
44 580 195 122 62
45 352 137 72 39
46 165 118 46 28
47 142.5 144 53 30
48 110 122 38 22
61 936.5 135 49 52
62 829.5 133 119 49
63 690 120 106 43
64 562.5 112 91 40
65 416.5 105 185 69
67 931 115 60 37
68 818.5 109 113 38
69 682 101 98 38
70 570 93 84 35
71 392 87 54 29
72 298 97 60 27
73 306 82 56 24
74 233 95 48 28
75 234.5 80 41 22
76 183.5 91 39 23
77 197 79 40 25
