15 483 349 178 103
20 927.5 358 67 89
21 539 310 404 183
22 279 218 102 58
23 130.5 188 81 43
24 37 164 72 39
25 13.5 181 25 36
39 797.5 274 213 111
40 577.5 228 135 71
41 431 196 122 62
47 312.5 173 97 47
49 230 163 72 41
50 162 148 56 33
53 114 147 56 35
54 904.5 190 113 65
55 877 231 168 75
56 68 138 46 32
57 694.5 201 147 69
58 202.5 120 59 34
59 111 111 40 24
65 663.5 119 271 90
72 416 98 74 30
73 838 108 128 50
74 298 93 56 29
75 427.5 84 71 27
76 226 92 48 26
77 344 82 58 30
78 169.5 87 45 26
79 280.5 79 51 28
