14 29 213 56 46
17 857.5 352 207 139
18 526 273 156 81
19 374 234 114 76
20 255.5 211 101 54
21 141.5 198 179 92
22 58 170 56 37
23 22.5 164 43 36
39 799.5 276 211 110
40 579.5 231 135 71
41 433.5 197 121 61
47 315.5 177 99 50
49 236 164 68 41
50 155.5 146 57 33
51 908.5 233 105 74
52 453 145 100 44
53 69.5 142 43 33
54 128.5 116 45 30
55 84.5 109 39 24
61 935 134 52 52
62 827 131 118 49
63 688.5 118 105 40
64 561 112 90 41
65 416.5 103 185 66
68 932.5 117 57 39
69 796 108 116 46
70 641.5 96 99 40
71 489.5 86 65 31
72 295 96 62 27
73 320 84 48 25
74 228 92 48 26
75 262.5 81 45 23
76 180.5 89 39 23
77 218.5 79 47 26
