14 95.5 228 87 50
17 901.5 354 119 126
18 580.5 285 167 84
19 374.5 236 113 78
20 255.5 211 101 54
21 142 198 180 92
22 58 169 56 37
23 22 164 42 36
39 800 276 212 110
40 578.5 231 135 71
41 433.5 196 121 61
47 315 177 98 50
49 236 164 68 41
50 156.5 146 57 33
52 611 163 124 51
53 72 142 44 33
54 190 120 50 33
55 124.5 117 43 27
61 935 134 52 52
62 827 131 118 49
63 688 117 104 39
64 561 112 90 42
65 417 103 186 66
68 941.5 115 39 38
69 818 106 112 40
70 663 99 104 40
71 520 87 58 30
72 294.5 96 59 27
73 320.5 85 43 26
74 229.5 93 49 27
75 264.5 81 47 23
76 181 88 40 22
77 219 77 44 24
