15 797 447 268 145
21 841 372 240 209
22 526.5 279 165 82
23 288.5 225 119 60
24 167 194 80 57
25 47.5 189 93 40
26 41 170 80 39
39 797 274 214 111
40 576 227 134 71
41 429 197 122 63
47 311.5 172 97 46
49 228 163 74 41
50 164 149 56 33
53 110 148 56 38
54 904 187 114 64
55 878 230 166 75
56 70 138 48 33
57 696.5 197 149 66
58 488.5 146 99 46
59 355.5 149 83 43
65 943 132 36 92
72 670.5 117 109 44
74 467 100 74 32
75 827.5 105 113 41
76 336.5 95 69 30
77 478 85 72 35
78 213 88 50 25
79 367.5 83 61 33
