11 364 392 178 105
12 75 259 86 62
13 25.5 209 49 45
16 936 368 50 89
17 751 328 190 125
18 525.5 271 155 79
19 376 236 114 78
20 258 212 102 55
21 142.5 198 177 91
22 59.5 171 57 38
23 24.5 163 47 34
39 802.5 278 209 109
40 582 234 136 71
41 437 197 120 60
44 919.5 243 83 71
45 548.5 157 103 51
46 243 125 54 33
47 217.5 161 53 40
48 192.5 136 49 33
61 936.5 135 49 52
62 829.5 132 119 49
63 690 119 106 42
64 562 112 90 40
65 416.5 105 185 69
67 933.5 116 55 38
68 821.5 109 113 38
69 683 101 98 38
70 571 93 84 35
71 400.5 87 55 30
72 298 97 60 28
73 307.5 82 55 24
74 233 95 48 29
75 238 81 42 23
76 183 91 40 23
77 200 78 40 24
