15 303.5 288 133 77
20 816.5 347 235 112
21 406.5 271 323 155
22 207.5 204 85 50
23 80.5 178 71 39
24 20 153 38 35
39 797.5 274 213 110
40 577.5 228 135 71
41 431 196 122 62
47 313 174 98 48
49 231 163 72 41
50 161 148 56 33
53 115 147 56 34
54 905 192 112 66
55 876.5 233 169 76
56 67.5 138 45 31
57 686.5 199 151 65
58 118 112 48 28
64 840 132 130 55
65 545 109 228 79
71 922 110 78 47
72 357 97 68 30
73 649.5 94 101 43
74 268 93 54 29
75 393.5 85 59 28
76 204 90 48 24
77 325.5 82 53 32
79 262.5 80 51 31
