4 832.5 456 257 146
5 388.5 309 149 92
6 110 247 218 122
16 937 366 48 87
17 755 329 194 126
18 527.5 271 155 78
19 377.5 238 113 80
20 260 213 102 55
21 144 198 174 91
22 62.5 172 59 38
36 698.5 252 187 82
37 867 192 130 74
38 296.5 128 69 33
39 265.5 168 85 46
40 84.5 132 43 29
61 938 136 46 52
62 832 135 120 50
63 692.5 122 107 45
64 563.5 113 91 39
65 416.5 105 185 71
67 903 114 116 42
68 757 108 110 41
69 631.5 98 95 38
70 525.5 88 73 35
71 292 84 48 29
72 258.5 96 55 27
73 214 82 50 23
74 180.5 91 41 23
