14 516.5 355 189 99
18 909 348 104 92
19 591 280 154 99
20 295.5 222 107 61
21 149 198 182 92
22 57 170 58 38
23 21.5 161 41 34
39 799 275 212 110
40 578.5 230 135 71
41 432.5 197 121 62
47 314 176 98 49
49 234 164 70 41
50 158 147 56 33
53 81.5 144 47 34
54 532.5 151 99 46
55 510.5 178 115 53
56 63.5 137 41 29
57 246.5 134 67 37
62 863 132 128 52
63 716.5 122 109 44
64 577.5 113 91 40
65 421.5 101 187 68
69 906.5 112 109 44
70 740.5 98 107 41
71 598 93 84 35
72 297 95 62 30
73 492.5 90 73 38
74 229 91 52 24
75 295 81 44 23
76 181 88 40 24
77 233 78 44 27
