15 548 370 196 110
21 590.5 323 429 195
22 311 227 110 63
23 148 194 82 49
24 60.5 167 63 40
25 22.5 183 43 38
39 798 274 214 111
40 577.5 228 135 71
41 430 196 122 62
47 311.5 173 97 47
49 229.5 163 73 41
50 162 148 56 33
53 113 148 56 36
54 904.5 190 113 65
55 877 231 168 75
56 69 138 46 32
57 695 201 148 69
58 241 119 64 33
59 136.5 119 45 29
65 709.5 124 287 93
72 448 100 78 34
73 920 110 82 50
74 315.5 95 59 30
75 456.5 86 73 29
76 237.5 91 51 26
77 356 82 60 32
78 175 88 44 25
79 286.5 78 51 28
