14 572.5 373 205 107
18 927.5 355 67 88
19 626 292 158 106
20 312 224 112 62
21 153.5 201 181 93
22 57.5 168 57 36
23 21 162 40 34
39 799 275 212 110
40 578.5 230 135 71
41 432.5 197 121 62
47 314 176 98 49
49 234 164 70 41
50 158 147 56 33
53 85 144 48 34
54 577.5 154 107 50
55 564.5 182 125 51
56 63.5 137 41 29
57 273.5 139 69 41
62 874 132 130 52
63 721 123 108 45
64 580.5 113 91 40
65 425 101 188 70
69 918.5 112 85 43
70 748 100 108 43
71 605 93 86 35
72 296.5 96 61 30
73 501.5 91 69 39
74 229 91 52 25
75 304 82 44 23
76 182 89 40 24
77 236.5 79 45 28
