4 504.5 354 199 109
5 233 261 110 72
6 61.5 222 121 98
16 937 366 48 87
17 755 329 194 126
18 527.5 271 155 78
19 378.5 239 113 81
20 260 213 102 55
21 143.5 199 173 91
22 62.5 172 59 38
35 881 231 126 70
36 541 221 154 69
37 585 159 118 58
38 202.5 119 57 27
39 171.5 145 67 37
61 938 136 46 52
62 832 135 120 50
63 693 123 108 46
64 564 112 92 38
65 416 105 184 71
67 894 114 134 44
68 746.5 107 103 40
69 623.5 97 93 37
70 519 90 72 36
71 271 83 48 26
72 244 95 52 26
73 192.5 82 47 23
74 167 91 38 24
