14 270.5 278 123 74
18 775 329 210 102
19 423 244 126 80
20 257.5 211 99 55
21 141 198 180 92
22 57.5 169 55 37
23 22 164 42 36
39 800 276 212 110
40 578.5 230 135 71
41 432.5 196 121 61
47 315 177 98 50
49 234.5 164 69 41
50 157.5 146 57 33
52 898.5 196 125 62
53 76.5 143 45 33
54 338.5 133 69 36
55 257.5 140 69 32
56 63 137 40 28
57 140.5 116 47 29
62 830.5 128 121 47
63 695 119 106 41
64 562.5 112 89 39
65 417.5 99 183 66
69 856 110 116 43
70 700.5 94 103 38
71 560 92 74 36
72 294.5 97 59 29
73 334.5 85 41 24
74 229 92 46 25
75 270.5 79 45 23
76 179.5 88 43 23
77 224 74 42 23
