13 924.5 454 73 112
16 935.5 368 51 89
17 749.5 328 189 125
18 524.5 272 155 80
19 375 235 114 77
20 257 212 102 55
21 142 197 178 91
22 59.5 171 57 38
23 23.5 164 45 35
39 801 277 210 109
40 581 233 136 71
41 435 197 120 61
47 317.5 180 99 52
49 239.5 164 65 40
50 152.5 144 57 33
51 107.5 120 47 23
61 935.5 135 51 52
62 828.5 132 119 49
63 689.5 119 105 41
64 562 112 90 41
65 416.5 104 185 67
68 858.5 115 125 45
69 686.5 100 95 38
70 570 92 86 35
71 444 86 60 30
72 297.5 99 63 31
73 321.5 83 43 24
74 231 94 46 29
75 251 83 50 24
76 180 89 42 21
77 209 75 42 22
