14 166 246 100 59
17 939 359 44 116
18 669.5 303 187 92
19 382.5 236 115 76
20 257 214 104 58
21 142 198 180 92
22 58 169 56 37
23 22 164 42 36
39 800 276 212 110
40 578.5 231 135 71
41 432.5 196 121 61
47 315 177 98 50
49 235 164 68 41
50 157.5 146 57 33
52 750 179 150 59
53 74 143 44 33
54 250.5 126 61 35
55 170.5 126 47 30
61 934.5 135 53 50
62 827.5 130 119 48
63 690.5 118 103 41
64 560.5 112 89 37
65 418.5 104 185 68
69 835 108 114 42
70 677 93 100 37
71 538.5 91 69 36
72 293.5 96 57 28
73 324.5 85 39 26
74 230.5 92 49 26
75 267.5 81 47 23
76 180 88 42 22
77 222 75 42 22
