15 724.5 425 247 133
21 728.5 373 465 235
22 395 248 134 70
23 207 205 96 52
24 110 180 70 48
25 36.5 187 71 38
26 27.5 166 53 36
39 797 274 214 111
40 576.5 228 135 71
41 430 197 122 63
47 311.5 173 97 47
49 228.5 163 73 41
50 163 149 56 33
53 111 148 56 37
54 904.5 189 113 65
55 877.5 231 167 75
56 69.5 138 47 33
57 695 199 148 67
58 353.5 134 79 43
59 225 133 56 35
65 831.5 131 259 99
72 540.5 107 93 38
74 382.5 98 67 33
75 589.5 94 81 37
76 277.5 93 59 29
77 405 82 66 32
78 191 89 48 27
79 314.5 78 57 27
