15 539.5 367 193 110
21 584 322 426 194
22 306.5 227 109 63
23 146 193 82 48
24 58 166 62 40
25 21.5 183 41 38
39 798 274 214 111
40 577.5 228 135 71
41 430 196 122 62
47 311.5 173 97 47
49 229.5 163 73 41
50 162 148 56 33
53 113 148 56 36
54 904.5 190 113 65
55 877 231 168 75
56 69 138 46 32
57 694.5 201 147 69
58 235 119 62 33
59 132.5 118 43 28
65 703.5 123 285 92
72 443 100 78 34
73 913.5 111 95 51
74 313 95 58 30
75 452 86 72 29
76 236.5 91 51 26
77 353.5 82 59 32
78 175 87 44 24
79 285.5 79 51 28
