6 595 463 656 302
7 30 252 58 66
16 936.5 366 49 87
17 753.5 329 193 126
18 526.5 271 155 78
19 377.5 238 113 80
20 259 213 102 55
21 143 198 174 91
22 61.5 172 59 38
36 938.5 282 45 67
38 897.5 201 127 63
39 648.5 236 179 81
40 331.5 188 91 50
41 97.5 138 49 33
61 937.5 136 47 52
62 831 135 120 50
63 691.5 122 107 45
64 563.5 113 91 39
65 416.5 106 185 71
67 916.5 115 89 39
68 786 110 114 44
69 638 101 96 39
70 534.5 88 79 35
71 323 84 50 29
72 298.5 95 59 26
73 260 83 50 24
74 217 93 48 26
75 182.5 80 35 23
