8 866 474 190 240
9 211.5 328 143 85
10 42 248 82 56
16 936.5 367 49 88
17 753 328 192 125
18 525.5 272 155 79
19 376.5 237 113 79
20 258 212 102 55
21 143 198 176 91
22 61 172 58 38
23 23.5 161 45 31
39 804.5 280 213 112
40 583 231 134 68
41 423 198 120 64
42 383.5 140 121 75
43 197.5 132 61 34
44 114 132 42 25
61 937 135 48 52
62 830 134 120 50
63 691 120 106 43
64 563.5 113 91 40
65 416.5 104 185 69
67 923 114 76 36
68 805.5 107 111 38
69 675 102 98 38
70 543.5 93 87 38
71 363 87 50 29
72 299.5 96 59 26
73 299.5 81 59 23
74 233.5 94 49 27
75 223 78 38 20
76 183.5 92 37 24
