14 234.5 266 115 69
18 741 322 204 103
19 406.5 241 125 80
20 256 212 102 57
21 141 198 180 92
22 58 169 56 37
23 22 164 42 36
39 800 276 212 110
40 578.5 231 135 71
41 432.5 196 121 61
47 315 177 98 50
49 234.5 164 69 41
50 157.5 146 57 33
52 865 194 158 66
53 75.5 143 45 33
54 307.5 131 67 36
55 228.5 136 59 33
56 62.5 137 39 28
57 127 112 40 25
61 943.5 130 35 43
62 829 128 120 47
63 693.5 119 105 41
64 561.5 112 89 39
65 418 100 184 66
69 848.5 110 115 43
70 693 94 102 38
71 553.5 91 73 36
72 294 97 58 29
73 328.5 84 39 24
74 229.5 93 47 26
75 268.5 79 45 23
76 179 88 42 23
77 223 75 42 23
