15 487 351 178 104
20 930 357 62 87
21 541.5 311 405 184
22 281.5 219 103 59
23 131.5 187 81 43
24 43.5 163 61 39
25 14 181 26 36
39 797.5 274 213 111
40 577.5 228 135 71
41 431 196 122 62
47 312.5 173 97 47
49 230.5 163 73 41
50 162 148 56 33
53 114 147 56 35
54 904.5 190 113 65
55 877 231 168 75
56 68 138 46 32
57 694.5 201 147 69
58 205.5 119 59 33
59 112 111 40 24
65 667 119 272 90
72 418 98 74 30
73 844.5 108 127 50
74 299 93 56 29
75 428.5 84 71 27
76 227 92 48 26
77 345 83 58 31
78 170 87 44 25
79 280.5 79 51 28
