14 200.5 258 107 65
18 708.5 314 197 97
19 392.5 237 117 78
20 256.5 213 103 58
21 141 198 180 92
22 58 169 56 37
23 22 164 42 36
39 800 276 212 110
40 578.5 231 135 71
41 432.5 196 121 61
47 315 177 98 50
49 235.5 164 69 41
50 157.5 146 57 33
52 813.5 187 161 62
53 75.5 143 45 33
54 280 128 64 35
55 200.5 135 59 34
56 62 136 40 29
57 115.5 110 39 24
61 939.5 133 43 47
62 829 129 120 48
63 692 118 104 41
64 560.5 112 89 38
65 418 102 184 67
69 842.5 109 115 42
70 685.5 94 101 38
71 546.5 91 71 36
72 294 96 58 28
73 326.5 85 39 25
74 230 93 48 26
75 268 80 46 23
76 180 88 42 22
77 222 75 42 22
