7 867.5 534 187 133
8 702 466 518 284
9 104.5 282 107 67
10 23 226 44 53
16 936.5 367 49 88
17 753 328 192 125
18 525.5 272 155 79
19 376.5 237 113 79
20 258 212 102 55
21 142.5 198 175 91
22 61 172 58 38
23 17.5 159 33 28
39 804.5 280 213 112
40 583.5 230 133 67
41 399 197 116 64
42 293 132 102 70
43 159 123 52 29
44 83.5 128 37 29
61 937 135 48 52
62 831 134 120 50
63 691.5 121 107 44
64 563.5 112 91 39
65 416.5 105 185 70
67 922.5 114 77 37
68 804 107 112 38
69 669.5 101 97 38
70 542 93 86 38
71 358 87 50 29
72 299.5 96 59 27
73 295.5 82 57 23
74 232 94 48 26
75 219.5 78 39 20
76 182 92 38 24
