12 370 396 186 114
13 222.5 260 109 65
16 936 368 50 89
17 751 328 190 125
18 524.5 271 155 79
19 376 235 114 77
20 257 212 102 55
21 142.5 197 177 91
22 59.5 171 57 38
23 24 163 46 34
39 803 278 210 109
40 581 234 136 71
41 436 197 120 60
46 575.5 162 101 54
47 293 178 94 51
48 501 183 118 58
49 174 151 56 33
50 80.5 127 35 29
61 936 135 50 52
62 828.5 132 119 49
63 690 119 106 42
64 562 112 90 40
65 416.5 104 185 68
67 939.5 119 43 41
68 828 109 114 37
69 684.5 101 97 38
70 572 93 84 35
71 416.5 87 57 30
72 297.5 98 61 29
73 310.5 83 53 25
74 231.5 95 47 29
75 244 82 44 24
76 182.5 90 41 22
77 207 78 40 24
