14 566.5 371 203 106
18 925.5 353 71 88
19 622 291 158 105
20 310 224 112 62
21 153.5 200 181 93
22 57.5 169 57 37
23 21 162 40 34
39 799 275 212 110
40 578.5 230 135 71
41 432.5 197 121 62
47 314 176 98 49
49 234 164 70 41
50 158 147 56 33
53 84 144 48 34
54 573 153 106 49
55 559 182 124 52
56 63.5 137 41 29
57 270.5 139 69 41
62 873 132 130 52
63 720.5 123 109 45
64 580.5 113 91 40
65 423.5 102 187 70
69 917 112 88 43
70 747.5 100 107 43
71 605 93 86 35
72 296.5 96 61 30
73 500 91 70 39
74 229 91 52 25
75 303 82 44 23
76 182 89 40 24
77 236.5 79 45 28
