15 781 441 262 140
21 794.5 372 333 222
22 474.5 265 151 78
23 257.5 216 107 55
24 146.5 188 77 50
25 44 190 86 42
26 37.5 168 73 37
39 797 274 214 111
40 576 227 134 71
41 430 197 122 63
47 311.5 172 97 46
49 228 163 74 41
50 163 149 56 33
53 110 147 56 37
54 904.5 189 113 65
55 877.5 230 167 75
56 70 138 48 33
57 695 199 148 67
58 439.5 140 95 46
59 305.5 143 73 40
65 898.5 132 125 100
72 616.5 113 97 43
74 435.5 101 75 33
75 725 102 100 43
76 313 94 62 28
77 450 83 68 33
78 204.5 89 49 24
79 347.5 82 59 30
