7 911 541 100 114
8 733 471 456 280
9 125 290 112 69
10 26 230 50 53
16 936.5 367 49 88
17 753 328 192 125
18 525.5 272 155 79
19 376.5 237 113 79
20 258 212 102 55
21 142.5 198 175 91
22 61 172 58 38
23 19 159 36 28
39 804.5 280 213 112
40 582.5 230 133 67
41 405.5 196 115 65
42 311 138 106 75
43 167 125 52 31
44 88.5 129 37 28
61 937 135 48 52
62 831 134 120 50
63 691.5 121 107 44
64 563.5 112 91 39
65 416.5 105 185 70
67 922.5 113 77 36
68 804 107 112 38
69 670.5 101 97 38
70 542 93 86 38
71 359 87 50 29
72 299.5 96 59 27
73 296 82 58 23
74 232 94 48 26
75 220 78 38 20
76 182 92 38 24
