15 475 346 176 102
20 922.5 361 77 94
21 532 308 400 181
22 275.5 215 101 56
23 127.5 187 81 42
24 35.5 163 69 38
25 12 180 22 35
39 797.5 274 213 111
40 577.5 228 135 71
41 431 196 122 62
47 312.5 173 97 47
49 230 163 72 41
50 162 148 56 33
53 114 147 56 35
54 905 191 112 66
55 877 231 168 75
56 68 138 46 32
57 694.5 201 147 69
58 199 120 60 34
59 107 109 40 23
65 657.5 119 269 90
72 411 97 72 29
73 823 107 130 49
74 296 93 56 29
75 423.5 84 71 27
76 225 92 48 26
77 343 82 58 30
78 168.5 88 45 27
79 279.5 79 51 28
