14 882 454 158 119
15 31 213 60 44
19 849 342 192 129
20 481.5 266 155 79
21 225 216 218 107
22 91 176 68 40
23 27.5 162 53 34
39 798.5 275 213 110
40 577.5 229 135 71
41 432 197 122 62
47 314 175 98 48
49 232.5 163 71 41
50 159 147 56 33
53 114.5 145 53 31
54 847 185 144 65
55 820.5 221 167 73
56 65.5 137 43 30
57 486.5 170 109 54
63 791.5 124 119 47
64 614 113 98 40
65 449.5 105 197 73
70 872.5 108 123 47
71 649 97 94 42
72 307.5 96 61 29
73 530 91 82 39
74 235 91 48 26
75 353.5 85 51 28
76 184.5 89 41 22
77 275 79 52 27
