15 704.5 421 241 132
21 719 366 484 229
22 383.5 245 129 69
23 197.5 203 95 50
24 103.5 177 69 46
25 35 187 68 38
26 24 166 46 36
39 797 274 214 111
40 576.5 228 135 71
41 430 197 122 63
47 311.5 173 97 47
49 228.5 163 73 41
50 163 149 56 33
53 112 148 56 37
54 904.5 189 113 65
55 877.5 231 167 75
56 69.5 139 47 33
57 695 200 148 68
58 339 132 78 41
59 210.5 131 51 36
65 821 130 280 99
72 527 106 90 38
74 373 96 66 32
75 570 91 76 34
76 272.5 95 59 30
77 398.5 82 63 30
78 189 89 48 27
79 311.5 78 55 24
