14 273.5 279 123 74
18 778.5 330 211 103
19 425 244 126 80
20 258 211 100 55
21 141 198 180 92
22 57.5 169 55 37
23 22 164 42 36
39 799 276 212 110
40 578.5 230 135 71
41 432.5 196 121 61
47 315 177 98 50
49 234.5 164 69 41
50 157.5 146 57 33
52 901 196 120 62
53 76.5 143 45 33
54 342.5 133 69 36
55 262 141 70 33
56 63 137 40 28
57 142 116 48 29
62 830.5 128 121 47
63 696 119 106 41
64 562.5 112 89 39
65 418 99 184 66
69 857 111 116 44
70 701.5 94 103 38
71 561.5 92 75 36
72 294.5 97 59 29
73 339.5 85 43 24
74 229 92 46 25
75 270.5 79 45 23
76 179 88 42 23
77 224 75 42 24
