14 505 351 184 98
18 904.5 348 113 93
19 583 279 152 99
20 292 221 106 60
21 147.5 198 181 92
22 57 170 58 38
23 21.5 162 41 35
39 799 275 212 110
40 578.5 230 135 71
41 432.5 197 121 62
47 314 176 98 49
49 234 164 70 41
50 158 147 56 33
53 81.5 144 47 34
54 524 150 98 46
55 499 177 114 53
56 63.5 137 41 29
57 241.5 133 65 36
62 860.5 132 127 52
63 715.5 121 109 43
64 576.5 113 91 40
65 421 101 186 68
69 898 113 102 45
70 739 98 106 41
71 597 93 84 35
72 297 95 62 30
73 490 89 74 37
74 229 91 52 24
75 293 81 44 23
76 181 88 40 24
77 233 78 44 27
