11 735.5 528 285 153
12 182.5 312 121 80
13 101 226 84 52
16 936 368 50 89
17 751 328 190 125
18 524.5 271 155 79
19 376 236 114 78
20 257 212 102 55
21 142.5 198 177 91
22 59.5 171 57 38
23 24 163 46 34
39 802.5 278 209 109
40 581 234 136 71
41 436 197 120 60
45 874.5 200 139 72
46 367 135 72 38
47 264 171 90 46
48 307 153 78 40
49 131.5 139 47 30
61 936.5 135 49 52
62 829.5 132 119 49
63 690 119 106 42
64 562 112 90 40
65 416.5 104 185 68
67 935.5 116 51 38
68 825 109 114 38
69 683.5 101 97 38
70 572 93 84 35
71 409 87 56 30
72 298.5 97 61 28
73 309 83 54 25
74 231.5 95 47 29
75 241.5 81 43 23
76 182 91 40 23
77 204 78 40 24
