14 874 455 174 122
15 26 211 50 44
19 839 339 196 129
20 471.5 263 155 78
21 221 215 216 107
22 87 175 66 40
23 27.5 162 53 34
39 798.5 275 213 110
40 577.5 229 135 71
41 432 197 122 62
47 314 175 98 48
49 232.5 164 71 41
50 159 147 56 33
53 114.5 145 53 31
54 836.5 184 141 65
55 810 217 166 70
56 65 137 42 30
57 475 167 108 52
63 784.5 124 117 47
64 611.5 114 97 40
65 448 105 198 73
70 858.5 109 123 48
71 647 97 94 42
72 305.5 96 61 29
73 528.5 92 81 40
74 233.5 90 49 26
75 350 84 48 27
76 184 88 40 23
77 272 79 52 27
