14 861 462 200 135
19 821.5 335 197 129
20 454 257 152 76
21 213 215 212 107
22 82.5 173 65 39
23 27 163 52 34
39 798.5 275 213 110
40 577.5 229 135 71
41 432 197 122 62
47 314 175 98 48
49 232 164 70 41
50 159 147 56 33
53 114.5 145 53 31
54 817 182 138 64
55 789.5 212 163 67
56 65 138 42 30
57 455.5 164 105 51
62 943.5 131 35 37
63 774 124 114 47
64 608.5 115 97 40
65 445.5 105 199 72
70 840.5 109 123 48
71 642.5 96 93 41
72 304.5 96 61 29
73 526.5 92 79 40
74 233 90 50 26
75 344.5 84 43 26
76 183.5 87 39 23
77 267 80 52 28
