14 757 431 250 133
19 733.5 315 181 118
20 381.5 241 129 69
21 182 206 196 99
22 67 169 62 36
23 24.5 162 47 33
39 799 275 212 110
40 578.5 230 135 71
41 432 197 122 62
47 314 176 98 49
49 233 164 70 41
50 159 147 56 33
53 105.5 145 51 32
54 717.5 167 123 55
55 699.5 203 149 64
56 65 137 42 29
57 368.5 151 83 44
62 913 133 96 46
63 746 123 110 46
64 595 113 94 40
65 435.5 103 193 72
70 792.5 105 115 46
71 626.5 95 91 38
72 298.5 94 59 27
73 518.5 92 71 40
74 229 92 48 26
75 329.5 84 41 26
76 181.5 89 39 23
77 250 81 50 28
