14 33 214 64 49
17 862 354 198 140
18 528 273 156 80
19 374 234 114 76
20 255.5 211 101 54
21 141.5 198 179 92
22 58 169 56 37
23 22.5 164 43 36
39 799.5 276 211 110
40 579.5 231 135 71
41 433.5 197 121 61
47 315.5 177 99 50
49 236 164 68 41
50 156.5 146 57 33
51 917.5 233 87 71
52 468.5 148 101 46
53 69.5 142 43 33
54 135 118 46 31
55 88 108 38 22
61 935 134 52 52
62 827 131 118 49
63 688.5 118 105 40
64 561 112 90 41
65 416.5 103 185 66
68 933 117 56 39
69 797.5 108 115 46
70 643.5 96 99 40
71 492.5 86 63 31
72 295 96 62 27
73 320 84 48 25
74 228 92 48 26
75 263 81 46 23
76 180.5 89 39 23
77 218.5 79 47 26
