4 315 290 144 77
5 140 231 88 60
6 31.5 203 61 82
16 937 365 48 87
17 755.5 329 195 126
18 527.5 271 155 78
19 378.5 239 113 81
20 260 213 102 55
21 143.5 199 173 91
22 62.5 172 59 38
34 885 195 126 68
35 616 196 138 63
36 406.5 195 119 57
37 392 141 90 48
38 144.5 114 47 24
39 106.5 136 51 32
61 938.5 136 45 52
62 832 135 120 50
63 693 123 108 46
64 564 113 92 38
65 407.5 103 181 66
67 884 116 128 46
68 736.5 104 101 38
69 615 97 82 36
70 503 88 72 34
71 241.5 80 43 22
72 223 94 48 26
73 189 78 40 20
