16 934.5 367 53 89
17 749 328 188 125
18 525 272 156 80
19 375 235 114 77
20 256.5 212 101 55
21 142 197 178 91
22 59 171 56 38
23 23 163 44 35
39 801 277 210 109
40 580 232 136 71
41 435 197 120 61
47 316.5 180 99 52
49 239 165 66 41
50 153.5 144 57 33
51 201 130 60 26
61 935.5 135 51 52
62 828.5 132 119 49
63 688.5 119 105 41
64 562 112 90 41
65 416.5 104 185 67
68 875 117 126 46
69 688.5 100 95 38
70 569.5 91 83 33
71 453.5 86 61 30
72 295.5 97 59 29
73 323 83 38 24
74 229 93 46 26
75 257.5 82 37 22
76 179 90 38 22
77 209.5 74 39 20
