14 459 336 170 94
18 887 349 148 98
19 552 274 148 97
20 278 215 104 56
21 143 198 178 92
22 58 170 60 38
23 22.5 163 43 36
39 799 275 212 110
40 578.5 230 135 71
41 432.5 197 121 62
47 314 176 98 49
49 233.5 164 69 41
50 158.5 146 57 33
53 80.5 144 47 34
54 490.5 146 95 45
55 454 172 112 54
56 63.5 136 41 28
57 221.5 128 59 32
62 850.5 130 125 51
63 711 122 110 43
64 573.5 112 91 39
65 418 100 186 66
69 885.5 113 119 46
70 732 96 106 39
71 590 92 82 35
72 297.5 95 63 30
73 482.5 88 77 36
74 230 91 52 23
75 285 80 44 22
76 180.5 87 39 24
77 229.5 77 43 26
