6 794.5 474 333 267
7 117.5 296 99 87
8 74 226 146 102
16 936.5 367 49 88
17 753.5 328 193 125
18 526.5 271 155 78
19 377.5 238 113 80
20 259 213 102 55
21 143.5 198 175 91
22 61.5 172 59 38
39 755 266 212 101
40 458.5 211 107 60
41 162 155 66 41
61 937.5 136 47 52
62 831 134 120 50
63 691.5 121 107 44
64 563.5 113 91 39
65 416.5 105 185 70
67 919 113 84 38
68 789 108 108 40
69 644 100 96 39
70 535.5 93 81 39
71 331.5 85 49 27
72 298.5 95 61 27
73 268.5 84 51 24
74 227.5 95 49 27
75 198.5 80 37 23
