15 501 355 182 106
20 937.5 354 47 80
21 552.5 314 411 187
22 287 222 104 61
23 135.5 189 81 45
24 47.5 163 61 39
25 16 181 30 37
39 797.5 274 213 111
40 577.5 228 135 71
41 430 196 122 62
47 312.5 173 97 47
49 230.5 163 73 41
50 162 148 56 33
53 113 147 56 35
54 904.5 190 113 65
55 877 231 168 75
56 68 138 46 32
57 694.5 201 147 69
58 212 119 58 33
59 117 113 40 25
65 677 120 276 90
72 424 98 76 31
73 865.5 110 123 52
74 302 94 56 30
75 434.5 85 71 28
76 229.5 91 49 26
77 346 83 58 32
78 171 87 44 24
79 281 79 50 28
