15 111.5 232 93 52
19 928.5 346 65 113
20 592 293 178 92
21 279.5 235 245 123
22 132 184 72 41
23 31.5 168 61 39
39 798.5 274 213 110
40 577.5 229 135 71
41 432 196 122 62
47 313 175 98 48
49 231.5 163 71 41
50 160 147 56 33
53 115 146 54 32
54 899.5 192 123 67
55 881 233 160 78
56 65.5 137 43 30
57 586.5 184 127 60
63 873 131 116 50
64 665.5 116 99 43
65 469.5 105 203 76
71 706.5 99 101 40
72 321.5 96 63 30
73 546.5 92 91 38
74 246.5 92 49 26
75 367.5 86 55 26
76 189.5 91 43 24
77 298.5 81 51 30
79 225 80 46 26
