9 337 385 186 111
10 87 272 94 64
16 936.5 367 49 88
17 753 328 192 125
18 525.5 272 155 79
19 376.5 237 113 79
20 258 212 102 55
21 143 198 176 91
22 61 172 58 38
23 25 162 48 33
39 804.5 281 213 113
40 582.5 233 135 69
41 434.5 200 119 63
42 482 147 142 86
43 245 141 66 38
44 128.5 146 53 34
45 115.5 113 39 24
61 937 135 48 52
62 830 134 120 50
63 691 120 106 43
64 563.5 113 91 40
65 416.5 104 185 69
67 924 113 74 35
68 808.5 107 111 38
69 679.5 102 99 38
70 545 93 88 38
71 368.5 87 51 29
72 299.5 96 59 26
73 302 81 60 23
74 233.5 95 49 28
75 224.5 78 37 20
76 184.5 92 37 24
77 188 79 40 25
