4 337 297 150 80
5 151.5 235 91 62
6 35.5 205 69 85
16 937 365 48 87
17 755.5 329 195 126
18 527.5 271 155 78
19 378.5 239 113 81
20 260 213 102 55
21 143.5 199 173 91
22 62.5 172 59 38
34 909.5 194 103 63
35 649.5 202 143 65
36 424.5 198 123 59
37 414.5 142 93 49
38 150.5 114 47 24
39 112.5 139 55 33
61 938.5 136 45 52
62 832 135 120 50
63 693 123 108 46
64 564 113 92 38
65 411 103 182 66
67 890.5 116 141 47
68 737.5 105 101 39
69 616 97 82 36
70 505.5 88 71 34
71 245.5 80 43 23
72 225.5 93 47 25
73 189.5 79 41 20
