15 320.5 294 139 80
20 828.5 351 227 112
21 417.5 273 327 155
22 213.5 205 87 51
23 84.5 178 71 39
24 20.5 154 39 35
39 797.5 274 213 110
40 577.5 228 135 71
41 431 196 122 62
47 313 174 98 48
49 231 163 72 41
50 161 148 56 33
53 115 147 56 34
54 905 192 112 66
55 876.5 233 169 76
56 67.5 137 45 31
57 688.5 198 149 66
58 125.5 113 49 29
64 855.5 132 131 54
65 555.5 109 233 79
71 935.5 106 51 39
72 361.5 96 69 29
73 665 97 100 45
74 269.5 92 53 29
75 395.5 84 59 27
76 206 90 48 25
77 327.5 81 55 31
79 265 79 52 29
