14 579 375 206 108
18 929.5 355 63 87
19 629.5 294 159 107
20 313.5 224 113 62
21 154.5 201 181 93
22 57 168 56 36
23 20.5 162 39 34
39 799 275 212 110
40 578.5 230 135 71
41 432.5 197 121 62
47 314 176 98 49
49 234 164 70 41
50 158 147 56 33
53 86 144 48 34
54 583 153 108 50
55 571 182 126 51
56 63.5 137 41 29
57 276.5 140 69 42
62 875 133 130 53
63 721 123 108 45
64 581.5 113 91 40
65 425 101 188 70
69 919.5 112 83 43
70 749 100 108 43
71 606 93 86 35
72 296.5 97 61 31
73 502.5 91 69 39
74 229 92 52 26
75 305 82 44 23
76 182 89 40 24
77 236.5 79 45 28
