14 470.5 340 173 95
18 891.5 349 139 97
19 559.5 275 149 97
20 281.5 216 105 57
21 144.5 198 179 92
22 57.5 170 59 38
23 22 163 42 36
39 799 275 212 110
40 578.5 230 135 71
41 432.5 197 121 62
47 314 176 98 49
49 233.5 164 69 41
50 158.5 146 57 33
53 80.5 144 47 34
54 499 147 96 45
55 465.5 174 113 54
56 63.5 137 41 29
57 226 129 60 33
62 852.5 130 125 51
63 712 122 110 43
64 574.5 112 91 39
65 419 100 186 66
69 888.5 113 115 46
70 734 97 106 40
71 592.5 92 83 35
72 297.5 95 63 30
73 484 88 76 36
74 230 92 52 24
75 287 80 44 22
76 180.5 87 39 24
77 230.5 77 43 26
