4 320 292 146 78
5 142.5 233 89 61
6 32.5 204 63 83
16 937 365 48 87
17 755.5 329 195 126
18 527.5 271 155 78
19 378.5 239 113 81
20 260 213 102 55
21 143.5 199 173 91
22 62.5 172 59 38
34 895.5 195 131 68
35 623.5 197 139 63
36 411.5 195 119 57
37 397 141 90 48
38 145.5 114 47 23
39 108 137 52 32
61 938.5 136 45 52
62 832 135 120 50
63 693 123 108 46
64 564 113 92 38
65 408.5 102 181 65
67 890.5 115 141 46
68 736.5 104 101 38
69 614.5 98 81 36
70 503 88 72 34
71 242.5 80 43 22
72 223.5 94 47 26
73 189 78 40 20
