15 504.5 356 183 106
20 940 353 42 78
21 556.5 315 413 188
22 289.5 223 105 62
23 136.5 190 81 46
24 48.5 163 61 39
25 16.5 181 31 37
39 797.5 274 213 111
40 577.5 228 135 71
41 430 196 122 62
47 311.5 173 97 47
49 229.5 163 73 41
50 162 148 56 33
53 113 147 56 35
54 904.5 190 113 65
55 877 231 168 75
56 68 138 46 32
57 694.5 201 147 69
58 215 119 58 33
59 119 114 40 26
65 679.5 120 277 90
72 426 99 76 32
73 872 110 122 52
74 303 94 56 30
75 435.5 85 71 28
76 230.5 91 49 26
77 347 83 58 32
78 172 87 44 24
79 282 79 50 28
