9 594 501 268 163
10 181.5 319 127 82
16 936.5 367 49 88
17 752.5 328 191 125
18 525.5 272 155 79
19 377 236 114 78
20 258 212 102 55
21 143 198 176 91
22 61 172 58 38
23 25 162 48 33
39 804 281 212 113
40 582 235 136 71
41 435.5 202 119 66
42 660.5 169 177 105
43 333.5 153 81 41
44 223.5 142 59 33
45 148.5 120 45 30
61 937 135 48 52
62 829.5 134 119 50
63 691 120 106 43
64 562.5 113 91 40
65 416.5 104 185 69
67 926 114 70 36
68 810.5 108 111 38
69 679.5 102 99 38
70 557.5 92 85 36
71 374 87 52 29
72 298.5 96 59 26
73 303.5 82 59 24
74 233.5 95 49 28
75 227 79 38 21
76 185 92 38 24
77 190 79 40 25
