8 780.5 476 361 271
9 157.5 304 123 74
10 31.5 237 61 53
16 936.5 367 49 88
17 753 328 192 125
18 525.5 272 155 79
19 376.5 237 113 79
20 258 212 102 55
21 142.5 198 175 91
22 61 172 58 38
23 21 159 40 29
39 804.5 280 213 112
40 583 230 134 67
41 413.5 197 115 64
42 339.5 138 115 74
43 180 128 54 32
44 99 129 40 27
61 937 135 48 52
62 831 134 120 50
63 691 120 106 43
64 563.5 113 91 40
65 416.5 105 185 70
67 923 113 76 36
68 804.5 107 111 38
69 673 102 98 38
70 543.5 93 87 38
71 361 87 50 29
72 299.5 97 59 27
73 297 81 58 23
74 233 94 48 27
75 221 78 38 20
76 183 92 38 24
