14 750 429 248 133
19 729 314 180 117
20 378 241 128 69
21 181 207 196 99
22 66 169 62 36
23 24 163 46 33
39 799 275 212 110
40 578.5 230 135 71
41 432 197 122 62
47 314 176 98 49
49 233 164 70 41
50 159 147 56 33
53 104.5 145 51 32
54 712.5 167 123 55
55 695 203 148 64
56 65 137 42 29
57 365.5 151 83 44
62 912 133 98 47
63 745 123 110 46
64 595 113 94 40
65 435.5 103 193 72
70 790 105 114 46
71 625 94 90 37
72 298.5 94 59 27
73 518 92 70 40
74 228.5 92 47 26
75 328.5 84 41 26
76 181.5 89 39 23
77 249 81 50 28
