14 730 423 242 131
19 715.5 311 177 114
20 369 237 126 67
21 178 205 196 96
22 64.5 169 61 36
23 23.5 164 45 34
39 799 275 212 110
40 578.5 230 135 71
41 432 197 122 62
47 314 176 98 49
49 233 164 70 41
50 159 147 56 33
53 102 145 50 32
54 697.5 165 121 54
55 683.5 203 147 66
56 65 137 42 29
57 353.5 148 81 42
62 907.5 133 107 48
63 742 123 110 46
64 592.5 113 93 40
65 434 103 192 72
70 783.5 105 113 46
71 623 95 90 37
72 297.5 94 59 27
73 516.5 91 69 40
74 228.5 92 47 26
75 326.5 84 41 26
76 180 88 38 22
77 247 81 50 28
