14 331.5 296 141 79
18 825 343 222 109
19 463.5 255 131 87
20 260 212 102 56
21 141 198 180 92
22 57.5 169 55 37
23 22 164 42 36
39 799 275 212 110
40 578.5 230 135 71
41 432.5 197 121 62
47 314 176 98 49
49 234.5 164 69 41
50 157.5 146 57 33
52 931.5 194 59 53
53 78 144 46 34
54 389.5 139 79 41
55 322.5 153 79 42
56 63 137 40 28
57 167 119 54 28
62 837 128 122 48
63 700.5 119 107 41
64 565.5 112 89 39
65 418 99 184 66
69 866.5 111 117 44
70 712 95 104 39
71 571.5 92 77 36
72 295 96 60 29
73 399 89 66 30
74 229 93 48 25
75 275 79 44 23
76 179.5 88 41 24
77 226 75 42 24
