14 906.5 460 109 117
15 45 219 88 46
19 877 343 168 123
20 514.5 274 161 84
21 241.5 220 225 110
22 102.5 179 69 42
23 28 162 54 35
39 798.5 274 213 110
40 577.5 229 135 71
41 432 197 122 62
47 313 175 98 48
49 232.5 163 71 41
50 160 147 56 33
53 114.5 146 53 32
54 872.5 191 143 69
55 851.5 227 171 76
56 65.5 137 43 30
57 519 177 114 59
63 817.5 127 123 48
64 623 114 100 41
65 454 104 198 72
70 906 109 110 46
71 658 95 96 40
72 311.5 97 61 30
73 533 92 84 39
74 237.5 91 47 26
75 361 86 56 29
76 185 90 42 22
77 283.5 79 51 27
