14 898.5 458 125 118
15 40.5 217 79 45
19 870 344 182 126
20 503.5 271 157 81
21 235 218 222 108
22 99 178 70 41
23 28 161 54 34
39 798.5 274 213 110
40 577.5 229 135 71
41 432 197 122 62
47 314 175 98 48
49 232.5 163 71 41
50 159 147 56 33
53 114.5 146 53 32
54 866 188 146 67
55 843 226 170 76
56 65.5 137 43 30
57 507.5 175 111 57
63 808.5 125 123 47
64 619.5 114 99 41
65 452.5 104 197 73
70 899.5 109 123 46
71 655 97 96 42
72 309.5 97 61 30
73 532 91 84 39
74 236.5 91 47 26
75 359 86 56 29
76 185 90 42 22
77 280.5 79 51 27
