13 788 432 252 131
16 936 368 50 89
17 750.5 328 189 125
18 524.5 271 155 79
19 375 235 114 77
20 257 212 102 55
21 142 197 178 91
22 59.5 171 57 38
23 23.5 163 45 34
39 802 277 210 109
40 581 233 136 71
41 435 197 120 60
47 317 177 98 50
49 229.5 162 65 39
50 141 144 62 35
61 936 135 50 52
62 828.5 132 119 49
63 689.5 119 105 41
64 562 113 90 41
65 416.5 104 185 68
68 845 113 120 41
69 686 100 96 38
70 571.5 92 85 35
71 436.5 87 59 30
72 297 98 62 30
73 316.5 84 49 25
74 231 95 46 30
75 249.5 82 49 24
76 181 90 42 22
77 209 77 42 23
