14 74 223 84 48
17 890.5 352 141 127
18 562 280 164 83
19 374.5 235 113 77
20 255.5 211 101 54
21 142 198 180 92
22 58 169 56 37
23 22 164 42 36
39 799.5 276 211 110
40 578.5 231 135 71
41 433.5 196 121 61
47 315 177 98 50
49 236 164 68 41
50 156.5 146 57 33
52 571.5 158 117 50
53 70.5 142 43 33
54 174 119 50 30
55 115 114 40 24
61 935 134 52 52
62 827 131 118 49
63 688.5 117 105 39
64 561 112 90 42
65 417 103 186 66
68 936 117 50 39
69 812.5 109 113 46
70 659 97 102 40
71 513 85 56 31
72 295.5 96 61 27
73 319 84 46 25
74 228 93 48 27
75 263.5 81 47 23
76 181.5 88 39 22
77 219 79 46 26
