15 791 446 266 143
21 822 375 278 218
22 503.5 274 157 82
23 275 221 112 57
24 158 191 80 54
25 46.5 189 91 41
26 40.5 169 79 38
39 797 274 214 111
40 576 227 134 71
41 430 197 122 63
47 311.5 172 97 46
49 228 163 74 41
50 164 149 56 33
53 110 148 56 38
54 904 187 114 64
55 878 230 166 75
56 70 138 48 33
57 696.5 198 149 66
58 469 141 98 44
59 334.5 144 77 40
65 924 133 74 99
72 648.5 116 103 45
74 454.5 100 73 32
75 783.5 105 107 44
76 326 95 66 30
77 467.5 82 71 33
78 210 90 52 25
79 358 81 60 32
