7 215.5 339 125 105
8 150 257 220 122
16 936.5 367 49 88
17 753.5 328 193 125
18 526.5 271 155 78
19 376.5 237 113 79
20 259 213 102 55
21 143.5 198 175 91
22 61 172 58 38
39 793.5 282 211 113
40 522.5 219 127 64
41 251.5 170 85 48
42 137.5 119 69 56
61 937.5 136 47 52
62 831 134 120 50
63 691.5 121 107 44
64 563.5 113 91 39
65 416.5 105 185 70
67 920 115 82 40
68 796 107 114 38
69 651.5 99 93 37
70 537 90 80 36
71 339.5 87 49 29
72 299.5 97 61 30
73 277 83 52 22
74 230 93 48 24
75 207 80 38 21
76 167 92 36 23
