15 432 333 166 97
20 895.5 356 131 98
21 500.5 300 379 175
22 256.5 217 101 59
23 116.5 187 77 43
24 30.5 162 59 38
39 797.5 274 213 110
40 577.5 228 135 71
41 431 196 122 62
47 312.5 173 97 47
49 230 163 72 41
50 162 148 56 33
53 114 147 56 35
54 905 191 112 66
55 876.5 231 169 75
56 67.5 138 45 32
57 694.5 201 147 69
58 176 116 60 32
59 96 110 36 26
64 934.5 135 53 48
65 629 115 268 85
72 394 97 74 31
73 774.5 102 111 47
74 286.5 93 55 29
75 415.5 83 59 26
76 218.5 90 47 24
77 338 81 58 31
78 167.5 89 45 26
79 274.5 75 47 24
