14 877 453 168 119
15 27.5 211 53 44
19 842.5 340 195 129
20 475.5 263 155 78
21 222 216 216 107
22 88 175 66 40
23 27.5 162 53 34
39 798.5 275 213 110
40 577.5 229 135 71
41 432 197 122 62
47 314 175 98 48
49 232.5 164 71 41
50 159 147 56 33
53 114.5 145 53 31
54 840 184 142 65
55 813 218 166 71
56 65 137 42 30
57 479 168 108 53
63 786.5 124 117 47
64 612.5 114 97 40
65 448 105 198 73
70 863.5 109 123 48
71 648 97 94 42
72 306.5 96 61 29
73 528.5 92 81 40
74 234.5 90 49 26
75 351.5 84 49 27
76 184 89 40 23
77 273 79 52 27
