14 108 231 88 51
17 908 354 106 124
18 596 288 170 86
19 374.5 235 113 77
20 255.5 211 101 54
21 142 198 180 92
22 58 169 56 37
23 22 164 42 36
39 800 276 212 110
40 578.5 231 135 71
41 433.5 196 121 61
47 315 177 98 50
49 235 164 68 41
50 156.5 146 57 33
52 634.5 166 129 53
53 72 142 44 33
54 200.5 122 53 33
55 132 116 40 26
61 934 136 54 52
62 827.5 131 119 49
63 687 118 106 40
64 561 112 90 39
65 418 104 186 67
68 944.5 114 33 37
69 820 107 112 41
70 666 99 102 41
71 521 86 64 30
72 294 96 58 27
73 321 85 42 26
74 229.5 93 49 27
75 265 81 48 23
76 181.5 88 41 22
77 219.5 77 43 23
