7 937 541 48 98
8 751.5 475 419 278
9 137.5 295 115 70
10 28 232 54 52
16 936.5 367 49 88
17 753 328 192 125
18 525.5 272 155 79
19 376.5 237 113 79
20 258 212 102 55
21 142.5 198 175 91
22 61 172 58 38
23 20 159 38 28
39 804.5 280 213 112
40 583 230 134 67
41 408.5 197 115 65
42 323 137 110 74
43 172.5 127 53 32
44 93.5 129 39 27
61 937 135 48 52
62 831 134 120 50
63 691.5 120 107 43
64 563.5 112 91 39
65 416.5 105 185 70
67 922.5 113 77 36
68 805 107 112 38
69 671.5 102 97 38
70 543 93 86 38
71 360 87 50 29
72 299.5 96 59 27
73 297 82 58 23
74 232 94 48 26
75 220 78 38 20
76 183 92 38 24
