15 767 438 260 139
21 767 372 388 224
22 443.5 259 145 76
23 238.5 211 105 53
24 133.5 186 73 50
25 40.5 189 79 40
26 33.5 168 65 39
39 797 274 214 111
40 576 227 134 71
41 430 197 122 63
47 311.5 172 97 46
49 229 163 74 41
50 163 149 56 33
53 111 148 56 37
54 904.5 189 113 65
55 877.5 230 167 75
56 69.5 138 47 33
57 695 199 148 67
58 407 138 88 46
59 274.5 142 69 39
65 872 132 178 99
72 585.5 110 95 40
74 414.5 99 73 33
75 668.5 97 91 39
76 300 95 60 29
77 431.5 81 65 32
78 199.5 91 49 27
79 334 81 58 28
