10 495 462 240 139
11 76 265 86 61
16 936.5 368 49 89
17 751.5 328 191 125
18 525.5 272 155 79
19 376 236 114 78
20 258 212 102 55
21 143 198 176 91
22 61 171 58 38
23 24.5 162 47 33
39 803 280 210 111
40 582 235 136 71
41 436.5 197 119 60
43 653.5 196 141 62
44 418 167 102 48
45 262 127 62 34
46 130 113 40 25
47 93.5 137 41 29
48 80.5 118 37 22
61 936.5 135 49 52
62 829.5 134 119 50
63 690 120 106 43
64 562.5 113 91 40
65 416.5 105 185 69
67 929 115 64 37
68 815 108 112 38
69 681 102 98 38
70 568.5 92 83 35
71 385.5 87 53 29
72 299 97 60 27
73 305.5 82 57 24
74 233 95 48 28
75 232 80 40 22
76 184.5 92 39 24
77 195 79 40 25
