14 850 468 222 145
19 804.5 330 189 126
20 440 254 146 75
21 207 213 210 104
22 80 172 66 39
23 26.5 163 51 35
39 798.5 275 213 110
40 577.5 229 135 71
41 432 197 122 62
47 314 176 98 49
49 232 164 70 41
50 159 147 56 33
53 114 145 52 31
54 800 180 136 63
55 773.5 210 161 66
56 65 138 42 30
57 440 163 102 51
62 938 132 46 39
63 768.5 124 113 47
64 606 114 96 40
65 444 105 198 72
70 831.5 107 121 47
71 640.5 96 93 40
72 303 95 60 28
73 525.5 92 77 40
74 231.5 90 49 26
75 341.5 84 43 26
76 183.5 87 39 23
77 264 80 52 28
