7 791 541 238 167
8 634.5 437 515 264
9 80 272 100 65
10 18.5 218 35 49
16 936.5 367 49 88
17 753 328 192 125
18 525.5 272 155 79
19 376.5 237 113 79
20 258 212 102 55
21 142.5 198 175 91
22 61 172 58 38
39 804.5 280 213 112
40 583.5 229 133 66
41 388.5 197 115 63
42 269.5 128 97 65
43 148 121 50 27
44 76 126 36 30
61 937 135 48 52
62 831 134 120 50
63 691.5 121 107 44
64 563.5 112 91 39
65 416.5 105 185 70
67 922 114 78 37
68 803 107 112 38
69 668.5 101 97 38
70 541.5 93 85 38
71 355.5 87 49 29
72 299.5 97 59 28
73 294.5 81 57 22
74 232 94 48 26
75 218.5 79 39 20
76 181 92 38 24
