7 267 361 136 115
8 195.5 274 245 137
16 936.5 367 49 88
17 753.5 328 193 125
18 526.5 272 155 79
19 376.5 237 113 79
20 259 213 102 55
21 143.5 198 175 91
22 61 172 58 38
39 801.5 279 211 108
40 542 222 128 64
41 274.5 174 91 50
42 151.5 118 71 53
61 937.5 136 47 52
62 831 134 120 50
63 691.5 121 107 44
64 563.5 112 91 39
65 416.5 105 185 70
67 920.5 114 81 39
68 796.5 107 113 38
69 653.5 99 93 37
70 538.5 91 81 37
71 342 87 48 29
72 300 97 60 30
73 282.5 83 53 22
74 230.5 92 47 24
75 210 80 40 20
76 172.5 92 37 24
