14 586 377 208 109
18 932 354 58 85
19 633.5 294 159 107
20 316 225 114 62
21 156 201 182 93
22 57.5 168 57 36
23 21 162 40 34
39 799 275 212 110
40 578.5 230 135 71
41 432.5 197 121 62
47 314 176 98 49
49 234 164 70 41
50 158 147 56 33
53 86 145 48 34
54 588 154 108 50
55 576.5 183 127 52
56 63.5 137 41 29
57 280 140 70 42
62 876.5 133 131 53
63 722 122 108 45
64 581.5 113 91 40
65 425 102 188 71
69 921 112 80 43
70 750 100 108 43
71 607.5 93 87 35
72 296.5 97 61 31
73 503.5 91 69 39
74 229 92 52 26
75 306 82 44 23
76 182 89 40 24
77 238 80 46 29
