15 203.5 257 105 63
20 706.5 320 207 100
21 344.5 254 285 140
22 172.5 194 79 45
23 54.5 172 69 40
24 14.5 154 27 37
39 797.5 274 213 110
40 577.5 229 135 71
41 431 196 122 62
47 313 175 98 48
49 230.5 163 71 41
50 161 148 56 33
53 115.5 146 55 33
54 903.5 189 115 63
55 881.5 232 159 76
56 67 138 44 31
57 654.5 196 135 66
63 939.5 128 43 38
64 755 127 118 50
65 499.5 107 217 78
71 812.5 106 111 46
72 338 95 66 28
73 579.5 94 101 40
74 256.5 91 55 27
75 380 86 58 28
76 197 90 44 24
77 314.5 83 55 32
79 248 78 48 27
