14 553 366 200 103
18 921 352 80 89
19 614.5 289 157 104
20 306 223 110 61
21 152 199 182 92
22 56.5 169 57 37
23 21 162 40 34
39 799 275 212 110
40 578.5 230 135 71
41 432.5 197 121 62
47 314 176 98 49
49 234 164 70 41
50 158 147 56 33
53 82.5 144 47 34
54 563 152 104 48
55 547 181 122 52
56 63.5 137 41 29
57 265 138 68 40
62 870.5 132 129 52
63 719.5 122 109 44
64 579.5 113 91 40
65 423.5 101 187 69
69 914.5 113 93 44
70 745.5 99 107 42
71 603 93 86 35
72 296.5 96 61 30
73 498 90 70 38
74 229 92 52 25
75 301 82 44 23
76 182 89 40 24
77 235.5 79 45 28
