7 735 534 260 178
8 582.5 413 499 246
9 63.5 265 95 63
10 15.5 212 29 45
16 936.5 367 49 88
17 753 328 192 125
18 525.5 272 155 79
19 376.5 237 113 79
20 259 212 102 55
21 142.5 198 175 91
22 61 172 58 38
39 804.5 280 213 112
40 583.5 228 133 66
41 379 192 112 61
42 254.5 128 93 62
43 139.5 118 47 24
61 937 135 48 52
62 831 134 120 50
63 691.5 121 107 44
64 563.5 112 91 39
65 416.5 105 185 70
67 922 114 78 37
68 802 107 112 38
69 666 101 96 38
70 541.5 92 85 37
71 354.5 87 49 29
72 299.5 97 59 28
73 293 81 56 22
74 232 93 48 25
75 217.5 79 39 20
76 180 92 38 24
