14 847 466 228 144
19 800.5 329 187 125
20 437 253 144 75
21 206 213 210 104
22 79.5 172 67 39
23 26.5 163 51 35
39 798.5 275 213 110
40 577.5 229 135 71
41 432 197 122 62
47 314 176 98 49
49 232 164 70 41
50 159 147 56 33
53 114 145 52 31
54 796 179 136 62
55 769 208 160 65
56 65 138 42 30
57 435.5 162 101 50
62 936.5 132 49 39
63 767.5 124 113 47
64 605 114 96 40
65 443 105 198 72
70 829.5 107 121 47
71 639.5 96 93 40
72 303 95 60 28
73 524.5 92 77 40
74 231.5 90 49 26
75 341.5 84 43 26
76 183.5 87 39 23
77 263 81 52 28
