14 369 308 150 85
18 852 350 218 111
19 490.5 261 135 90
20 262.5 213 103 56
21 140.5 197 179 92
22 56.5 170 53 37
23 22 164 42 36
39 799 275 212 110
40 578.5 230 135 71
41 432.5 197 121 62
47 314 176 98 49
49 234.5 164 69 41
50 158.5 146 57 33
53 79 144 46 34
54 419 142 86 42
55 360 158 88 46
56 63 136 40 28
57 183 121 56 28
62 841.5 129 123 49
63 704 120 108 42
64 568 112 90 39
65 418.5 100 185 66
69 873 112 118 45
70 718 95 104 39
71 577.5 93 79 36
72 295.5 95 61 29
73 436 91 80 33
74 229.5 92 49 24
75 279 80 44 23
76 180.5 88 41 24
77 227 76 42 25
