14 715 419 238 129
19 707.5 309 175 112
20 363 236 124 66
21 175.5 205 195 95
22 63.5 169 61 36
23 23.5 165 45 35
39 799 275 212 110
40 578.5 230 135 71
41 432 197 122 62
47 314 176 98 49
49 233 164 70 41
50 159 147 56 33
53 100 144 50 32
54 688 164 120 53
55 676 204 146 67
56 65 137 42 29
57 345 148 80 42
62 905 134 112 49
63 739.5 123 109 46
64 591.5 113 93 40
65 432.5 103 191 72
69 953.5 112 11 31
70 779 104 112 46
71 622 95 90 37
72 297.5 94 59 27
73 516.5 91 69 40
74 228.5 92 47 26
75 325 84 40 26
76 180 88 38 22
77 246 81 50 28
