15 666.5 407 233 124
21 685.5 358 487 223
22 367 242 126 69
23 183.5 201 91 49
24 92.5 174 67 42
25 34 185 66 35
26 19 165 36 33
39 797 274 214 111
40 576.5 228 135 71
41 430 197 122 63
47 311.5 173 97 47
49 228.5 163 73 41
50 163 148 56 33
53 112 147 56 36
54 904.5 189 113 65
55 877.5 231 167 75
56 69.5 138 47 32
57 695 200 148 68
58 311 128 76 40
59 190 127 52 33
65 803.5 130 315 101
72 506.5 104 87 37
74 356 96 64 31
75 535.5 89 71 32
76 262 92 56 28
77 385 80 60 29
78 186 90 48 28
79 303 78 54 25
