4 293.5 283 139 74
5 128 229 86 59
6 27.5 201 53 79
16 937 365 48 87
17 755.5 329 195 126
18 527.5 271 155 78
19 378.5 239 113 81
20 260 213 102 55
21 143.5 199 173 91
22 62.5 172 59 38
34 857 194 136 69
35 585 192 132 61
36 387.5 192 117 55
37 370.5 138 87 46
38 139 114 46 24
39 99 131 46 29
61 938.5 136 45 52
62 832 135 120 50
63 693 123 108 46
64 564 113 92 38
65 404 104 180 67
67 881 114 124 44
68 735.5 105 101 38
69 614.5 97 87 36
70 501.5 87 73 33
71 238 80 42 22
72 219.5 94 49 26
73 188.5 78 39 21
