14 399 317 156 88
18 863.5 356 195 113
19 511 265 140 92
20 267 215 104 56
21 139.5 198 177 93
22 55.5 169 49 36
23 22.5 162 43 35
39 799 275 212 110
40 578.5 230 135 71
41 432.5 197 121 62
47 314 176 98 49
49 233.5 164 69 41
50 158.5 146 57 33
53 79 144 46 34
54 442 143 88 44
55 391.5 169 101 54
56 63 136 40 28
57 197 123 56 28
62 845 130 124 50
63 706.5 121 109 42
64 570 112 90 39
65 418.5 100 185 66
69 877 112 118 45
70 723.5 95 105 39
71 582 93 80 36
72 296 96 62 30
73 464.5 94 91 36
74 229 92 50 24
75 281 80 44 23
76 180 88 40 24
77 228 76 42 25
