10 504.5 466 243 141
11 78 267 86 62
16 936.5 368 49 89
17 751.5 328 191 125
18 525.5 272 155 79
19 376 236 114 78
20 258 212 102 55
21 143 198 176 91
22 61 171 58 38
23 24.5 162 47 33
39 803 280 210 111
40 582 235 136 71
41 436.5 197 119 60
43 665 198 144 63
44 424 167 102 48
45 265.5 127 63 34
46 131.5 113 41 25
47 95.5 137 41 29
48 81.5 117 37 21
61 936.5 135 49 52
62 829.5 134 119 50
63 690 120 106 43
64 562.5 113 91 40
65 416.5 105 185 69
67 929.5 115 63 37
68 816 108 112 38
69 681 102 98 38
70 568.5 92 83 35
71 386.5 87 53 29
72 299 97 60 27
73 305.5 82 57 24
74 233 95 48 28
75 232 80 40 22
76 183.5 92 39 24
77 195 79 40 25
