15 679 411 236 126
21 697.5 361 487 225
22 372 243 126 69
23 187.5 201 93 49
24 96 175 68 44
25 34 187 66 37
26 20.5 165 39 34
39 797 274 214 111
40 576.5 228 135 71
41 430 197 122 63
47 311.5 173 97 47
49 228.5 163 73 41
50 163 149 56 33
53 112 147 56 36
54 904.5 189 113 65
55 877.5 231 167 75
56 69.5 139 47 33
57 695 200 148 68
58 320.5 129 77 40
59 196.5 128 51 34
65 809.5 130 303 100
72 513 104 88 37
74 362.5 96 65 32
75 547 90 72 33
76 265.5 94 57 29
77 389.5 80 61 29
78 187 90 48 28
79 306 78 54 24
