12 796.5 541 263 145
13 475.5 343 177 98
16 936 368 50 89
17 750.5 328 189 125
18 524.5 271 155 79
19 375 235 114 77
20 257 212 102 55
21 142 197 178 91
22 59.5 171 57 38
23 23.5 163 45 34
39 802 277 210 109
40 581 233 136 71
41 436 197 120 60
47 307.5 179 93 48
49 180.5 153 57 32
50 113.5 138 45 31
61 936 135 50 52
62 828.5 132 119 49
63 689.5 119 105 41
64 562 113 90 41
65 416.5 104 185 68
68 833.5 109 115 37
69 685 101 96 38
70 571 92 84 35
71 428 87 58 30
72 297 99 62 30
73 313 84 52 25
74 231 95 46 29
75 247 82 46 24
76 181 90 42 22
77 209.5 77 41 23
