4 825 455 272 148
5 381.5 307 147 91
6 108.5 245 215 120
16 937 366 48 87
17 755 329 194 126
18 527.5 271 155 78
19 377.5 238 113 80
20 260 213 102 55
21 144 198 174 91
22 62.5 172 59 38
36 694.5 252 187 82
37 858.5 191 135 74
38 293.5 127 69 32
39 262.5 168 83 46
40 83 130 42 28
61 938 136 46 52
62 832 135 120 50
63 692.5 122 107 45
64 563.5 113 91 39
65 416.5 105 185 71
67 902.5 114 117 42
68 756 108 110 41
69 631.5 98 95 38
70 524.5 88 73 35
71 292 84 48 29
72 258.5 96 55 27
73 213 82 50 23
74 179.5 91 41 23
