15 479.5 348 177 103
20 925 360 72 92
21 535 309 402 182
22 278 216 102 57
23 129.5 187 81 42
24 36.5 163 71 38
25 13 180 24 35
39 797.5 274 213 111
40 577.5 228 135 71
41 431 196 122 62
47 312.5 173 97 47
49 230 163 72 41
50 162 148 56 33
53 114 147 56 35
54 904.5 190 113 65
55 877 231 168 75
56 68 138 46 32
57 694.5 201 147 69
58 200.5 120 59 34
59 109 111 40 24
65 660 119 270 90
72 413.5 97 73 29
73 830.5 107 129 49
74 297 93 56 29
75 425.5 84 71 27
76 225 92 48 26
77 343 82 58 30
78 169.5 87 45 26
79 279.5 79 51 28
