14 885 455 152 119
15 32.5 213 63 44
19 852.5 343 191 129
20 485.5 267 155 79
21 227 216 218 107
22 92 176 68 40
23 27.5 162 53 34
39 798.5 275 213 110
40 577.5 229 135 71
41 432 197 122 62
47 314 175 98 48
49 232.5 163 71 41
50 159 147 56 33
53 114.5 145 53 31
54 850.5 185 145 65
55 825 221 168 73
56 65.5 137 43 30
57 489.5 170 109 54
63 795 125 120 47
64 615 113 98 40
65 449.5 105 197 73
70 877.5 109 123 47
71 650 97 94 42
72 307.5 96 61 29
73 530 91 82 39
74 235 91 48 26
75 355.5 86 53 29
76 184.5 89 41 22
77 275.5 79 51 27
