15 275 278 124 73
20 783.5 339 227 107
21 389.5 266 313 150
22 198 199 88 49
23 71.5 175 69 39
24 18 152 34 35
39 797.5 274 213 110
40 577.5 229 135 71
41 431 196 122 62
47 313 174 98 48
49 231 163 72 41
50 161 148 56 33
53 116 147 56 34
54 905 192 112 66
55 876.5 233 169 76
56 67 138 44 31
57 678.5 196 147 65
58 110 111 46 29
64 815 130 126 51
65 530.5 108 227 77
71 902 110 118 49
72 349.5 95 67 26
73 627 94 98 41
74 264 94 54 31
75 389 85 56 28
76 202.5 89 45 23
77 323 81 54 31
79 258 79 50 28
