9 401.5 415 201 124
10 111 284 100 69
16 936.5 367 49 88
17 752.5 328 191 125
18 525.5 272 155 79
19 376.5 237 113 79
20 258 212 102 55
21 143 198 176 91
22 61 172 58 38
23 25 162 48 33
39 804.5 281 213 113
40 582.5 234 135 70
41 436 197 116 60
42 528 152 152 90
43 267.5 144 67 39
44 151.5 149 57 36
45 122.5 115 41 26
61 937 135 48 52
62 830 134 120 50
63 691 120 106 43
64 563.5 113 91 40
65 416.5 104 185 69
67 924.5 113 73 35
68 808.5 107 111 38
69 679.5 102 99 38
70 547 94 88 38
71 369.5 87 51 29
72 299.5 96 59 26
73 302.5 82 59 24
74 233.5 95 49 28
75 226 78 38 20
76 184.5 92 37 24
77 189 79 40 25
