14 805 444 266 134
19 762 321 184 122
20 403.5 247 135 72
21 191 209 200 102
22 71 170 64 37
23 25.5 160 49 32
39 798 275 212 110
40 578.5 230 135 71
41 432 197 122 62
47 314 176 98 49
49 233 164 70 41
50 159 147 56 33
53 110 145 52 31
54 751 172 128 58
55 727.5 203 153 62
56 65 137 42 29
57 396.5 156 89 47
62 923 132 76 43
63 754.5 123 111 46
64 599.5 114 95 40
65 438.5 104 195 72
70 807.5 106 117 47
71 631.5 96 91 39
72 301 95 60 28
73 520.5 92 73 40
74 230 91 48 26
75 334 84 42 26
76 181.5 88 39 23
77 255.5 81 51 28
