10 446.5 441 223 131
11 61.5 260 83 60
16 936.5 368 49 89
17 751.5 328 191 125
18 525.5 272 155 79
19 376 236 114 78
20 258 212 102 55
21 143 198 176 91
22 61 171 58 38
23 24.5 162 47 33
39 803.5 279 211 111
40 582 235 136 71
41 436.5 198 119 60
43 598.5 190 129 59
44 388.5 165 99 47
45 245.5 126 61 33
46 124.5 113 39 25
47 86 135 38 29
48 74 119 36 23
61 936.5 135 49 52
62 829.5 134 119 50
63 690 120 106 43
64 562.5 113 91 40
65 416.5 105 185 69
67 929 114 64 36
68 815 108 112 38
69 681 102 98 38
70 568.5 92 83 35
71 384.5 87 53 29
72 299 97 60 27
73 304.5 82 57 24
74 233 95 48 28
75 232 80 40 22
76 184.5 92 39 24
77 194 79 40 25
