14 215.5 262 111 67
18 723 318 200 101
19 397.5 239 121 79
20 256.5 213 103 58
21 141 198 180 92
22 58 169 56 37
23 22 164 42 36
39 800 276 212 110
40 578.5 231 135 71
41 432.5 196 121 61
47 315 177 98 50
49 235.5 164 69 41
50 157.5 146 57 33
52 838.5 191 165 65
53 75.5 143 45 33
54 292 130 66 36
55 212.5 135 57 34
56 62 136 40 28
57 120.5 111 39 24
61 941 131 40 45
62 829 128 120 47
63 693 118 104 41
64 561.5 112 89 38
65 418 101 184 67
69 845.5 110 115 43
70 688.5 94 101 38
71 550 91 72 36
72 294 96 58 28
73 327.5 84 39 24
74 229.5 93 47 26
75 269 80 46 23
76 180 88 42 23
77 223 75 42 23
