14 180 251 102 62
17 945.5 365 31 111
18 686 307 192 93
19 385 236 114 77
20 257 213 104 58
21 141 198 180 92
22 58 169 56 37
23 22 164 42 36
39 800 276 212 110
40 578.5 231 135 71
41 432.5 196 121 61
47 315 177 98 50
49 235 164 68 41
50 157.5 146 57 33
52 775.5 182 155 59
53 74.5 143 45 33
54 262 126 62 34
55 182 130 54 32
61 936.5 134 49 49
62 828.5 130 119 48
63 691.5 118 103 41
64 560.5 112 89 38
65 418.5 103 185 67
69 838 108 114 42
70 681.5 93 101 37
71 542 91 70 36
72 293.5 96 57 28
73 324.5 85 39 25
74 230 93 48 26
75 267.5 80 47 23
76 180 88 42 22
77 222 75 42 22
