15 522 361 188 108
21 570 319 420 192
22 297.5 226 107 64
23 141.5 191 81 48
24 53.5 164 61 40
25 19 182 36 38
39 797.5 274 213 111
40 577.5 228 135 71
41 430 196 122 62
47 311.5 173 97 47
49 229.5 163 73 41
50 162 148 56 33
53 113 147 56 35
54 904.5 190 113 65
55 877 231 168 75
56 69 138 46 32
57 694.5 201 147 69
58 224 118 58 32
59 125 116 40 27
65 692.5 122 281 91
72 435 99 78 33
73 901 112 120 53
74 307.5 95 57 31
75 442.5 86 71 29
76 233.5 91 49 26
77 350 83 58 33
78 174 87 44 23
79 284 79 50 28
