15 120.5 235 93 54
19 936.5 348 49 114
20 603.5 295 181 92
21 285.5 237 249 125
22 136 185 72 41
23 32.5 169 63 40
39 798.5 274 213 110
40 577.5 229 135 71
41 432 196 122 62
47 313 175 98 48
49 231.5 163 71 41
50 160 147 56 33
53 115 146 54 32
54 901 191 120 66
55 881 233 160 79
56 65.5 137 43 30
57 595 185 128 60
63 879.5 130 109 48
64 674.5 117 101 44
65 472 105 204 76
71 717 100 102 41
72 324 96 64 30
73 549.5 92 93 38
74 246.5 92 49 26
75 369 85 56 26
76 190.5 91 43 24
77 300 81 52 30
79 228 79 46 26
