14 922.5 466 77 113
15 65 222 84 47
19 891.5 341 139 118
20 537 280 168 88
21 252 224 230 114
22 110 182 68 44
23 28.5 163 55 35
39 798.5 274 213 110
40 577.5 229 135 71
41 432 197 122 62
47 313 175 98 48
49 232.5 163 71 41
50 160 147 56 33
53 115 146 54 32
54 889 195 144 72
55 871.5 230 179 76
56 65.5 137 43 30
57 541 182 118 62
63 834.5 129 123 49
64 631 115 102 42
65 458 104 200 71
70 919 110 84 45
71 666 95 98 38
72 314 97 62 30
73 537 91 86 38
74 240.5 92 47 26
75 362.5 85 55 27
76 186 91 42 23
77 288.5 80 51 28
79 216.5 79 47 25
