15 526.5 363 189 109
21 573.5 319 421 192
22 299.5 227 107 64
23 142.5 192 81 48
24 54.5 165 61 40
25 20 182 38 38
39 798 274 214 111
40 577.5 228 135 71
41 430 196 122 62
47 311.5 173 97 47
49 229.5 163 73 41
50 162 148 56 33
53 113 147 56 35
54 904.5 190 113 65
55 877 231 168 75
56 69 138 46 32
57 694.5 201 147 69
58 227.5 118 59 32
59 126.5 116 41 27
65 695 122 282 91
72 437 99 78 33
73 904 111 114 52
74 309.5 95 57 31
75 445.5 86 71 29
76 234 91 50 26
77 351 83 58 33
78 174 87 44 23
79 284 79 50 28
