15 763.5 436 259 138
21 762 371 398 224
22 437.5 259 143 77
23 235 210 104 52
24 130 185 72 50
25 39.5 188 77 39
26 33 167 64 39
39 797 274 214 111
40 576.5 227 135 71
41 430 197 122 63
47 311.5 172 97 46
49 229 163 74 41
50 163 149 56 33
53 111 148 56 37
54 904.5 189 113 65
55 877.5 230 167 75
56 69.5 138 47 33
57 695 199 148 67
58 400 136 86 45
59 268.5 141 69 38
65 867 132 188 99
72 580.5 110 95 40
74 411 98 72 33
75 657.5 97 89 39
76 297 94 60 29
77 428.5 81 65 32
78 198.5 91 49 28
79 332 80 58 28
