7 780 541 244 171
8 623.5 432 513 260
9 77 270 100 64
10 18 217 34 48
16 936.5 367 49 88
17 753 328 192 125
18 525.5 272 155 79
19 376.5 237 113 79
20 258 212 102 55
21 142.5 198 175 91
22 61 172 58 38
39 804.5 280 213 112
40 583.5 229 133 66
41 386.5 196 115 63
42 266.5 127 97 64
43 147 120 50 26
44 76 125 36 29
61 937 135 48 52
62 831 134 120 50
63 691.5 121 107 44
64 563.5 112 91 39
65 416.5 105 185 70
67 922 114 78 37
68 803 107 112 38
69 667 101 96 38
70 541.5 93 85 38
71 355.5 87 49 29
72 299.5 97 59 28
73 293.5 81 57 22
74 232 94 48 26
75 218.5 79 39 20
76 181 92 38 24
