14 291 285 128 76
18 792 335 214 106
19 436 248 128 83
20 259 212 100 56
21 141 198 180 92
22 57.5 169 55 37
23 22 164 42 36
39 799 276 212 110
40 578.5 230 135 71
41 432.5 196 121 61
47 314 176 98 49
49 234.5 164 69 41
50 157.5 146 57 33
52 910.5 196 101 62
53 77 143 46 33
54 356.5 135 71 39
55 281 147 74 37
56 63 137 40 28
57 149.5 117 49 29
62 832.5 129 121 48
63 697 119 106 41
64 563.5 112 89 39
65 418 99 184 66
69 859.5 111 117 44
70 704.5 94 103 38
71 565 92 76 36
72 294.5 97 59 29
73 358 86 50 26
74 229.5 92 47 25
75 272.5 79 45 23
76 179 89 42 24
77 224 75 42 24
