14 231 265 114 68
18 737.5 321 203 103
19 404.5 240 125 80
20 256 212 102 57
21 141 198 180 92
22 58 169 56 37
23 22 164 42 36
39 800 276 212 110
40 578.5 231 135 71
41 432.5 196 121 61
47 315 177 98 50
49 234.5 164 69 41
50 157.5 146 57 33
52 861.5 194 163 67
53 75.5 143 45 33
54 304.5 131 67 36
55 226 136 58 34
56 62.5 137 39 28
57 125.5 112 39 25
61 943 131 36 44
62 829 128 120 47
63 693.5 119 105 41
64 561.5 112 89 39
65 418 101 184 67
69 848.5 110 115 43
70 692 94 102 38
71 553 91 72 36
72 294 96 58 28
73 327.5 84 39 24
74 229.5 93 47 26
75 268.5 79 45 23
76 179 88 42 23
77 223 75 42 23
