16 934.5 366 53 89
17 749 328 188 125
18 524 272 156 80
19 375 234 114 76
20 256.5 212 101 55
21 142 197 178 91
22 59 171 56 38
23 23 163 44 35
39 801.5 276 211 109
40 580 232 136 71
41 434 197 120 61
47 316.5 179 99 51
49 239 165 66 41
50 153.5 145 57 33
51 248.5 137 69 31
61 935.5 134 51 52
62 828.5 132 119 49
63 688.5 119 105 41
64 562 112 90 41
65 416.5 104 185 67
68 883 117 124 46
69 691 101 96 39
70 570.5 90 83 33
71 456.5 86 61 30
72 294.5 95 59 28
73 325 88 44 27
74 230 92 50 24
75 259 83 44 22
76 179.5 89 41 22
77 213 77 42 23
