15 758 433 258 136
21 754.5 371 413 225
22 428.5 257 141 76
23 229.5 208 103 51
24 125.5 184 71 50
25 38.5 187 75 38
26 32 167 62 39
39 797 274 214 111
40 576.5 227 135 71
41 430 197 122 63
47 311.5 173 97 47
49 229 163 74 41
50 163 149 56 33
53 111 148 56 37
54 904.5 189 113 65
55 877.5 230 167 75
56 69.5 138 47 33
57 695 199 148 67
58 390 136 84 45
59 259.5 139 67 37
65 859.5 132 203 99
72 571.5 108 95 39
74 404 98 70 33
75 642.5 95 87 38
76 293 95 60 30
77 423 81 64 32
78 197 92 50 29
79 328 80 58 28
