7 812.5 535 225 154
8 654.5 447 519 271
9 86 274 102 65
10 20 220 38 50
16 936.5 367 49 88
17 753 328 192 125
18 525.5 272 155 79
19 376.5 237 113 79
20 258 212 102 55
21 142.5 198 175 91
22 61 172 58 38
23 16 160 30 29
39 804.5 280 213 112
40 583.5 229 133 66
41 392 198 116 64
42 275.5 128 99 66
43 151.5 122 51 28
44 78.5 127 37 30
61 937 135 48 52
62 831 134 120 50
63 691.5 121 107 44
64 563.5 112 91 39
65 416.5 105 185 70
67 922.5 114 77 37
68 803 107 112 38
69 668.5 101 97 38
70 541.5 93 85 38
71 355.5 87 49 29
72 299.5 96 59 27
73 294.5 81 57 22
74 232 94 48 26
75 218.5 79 39 20
76 181 92 38 24
