15 779 441 262 140
21 791.5 373 339 223
22 471.5 265 151 78
23 255.5 215 107 55
24 145.5 188 77 50
25 43.5 190 85 42
26 37 167 72 37
39 797 274 214 111
40 576 227 134 71
41 430 197 122 63
47 311.5 172 97 46
49 228 163 74 41
50 163 149 56 33
53 110 147 56 37
54 904.5 189 113 65
55 877.5 230 167 75
56 70 138 48 33
57 695 199 148 67
58 436 140 94 46
59 302 143 72 40
65 895.5 132 131 100
72 613 112 96 42
74 432.5 101 75 33
75 718.5 101 99 42
76 312 95 62 28
77 448 83 68 33
78 204 89 48 24
79 346.5 82 59 30
