11 499 451 220 131
12 114.5 279 99 67
13 43.5 213 85 44
16 936 368 50 89
17 751 328 190 125
18 524.5 271 155 79
19 376 236 114 78
20 258 212 102 55
21 142.5 198 177 91
22 59.5 171 57 38
23 24 163 46 34
39 802.5 278 209 109
40 582 234 136 71
41 437 197 120 60
45 670.5 172 115 56
46 289.5 131 59 34
47 237 169 76 47
48 233.5 138 61 32
49 106 135 42 30
61 936.5 135 49 52
62 829.5 132 119 49
63 690 119 106 42
64 562 112 90 40
65 416.5 104 185 68
67 934.5 116 53 38
68 822.5 109 113 38
69 682.5 101 97 38
70 572 93 84 35
71 403.5 87 55 30
72 298.5 97 61 28
73 308.5 83 55 25
74 232.5 95 47 29
75 239 81 42 23
76 183 91 40 23
77 202 78 40 24
