15 700.5 419 241 131
21 717 365 488 228
22 382 244 128 69
23 195.5 203 95 50
24 101.5 176 69 46
25 35 187 68 38
26 23.5 166 45 36
39 797 274 214 111
40 576.5 228 135 71
41 430 197 122 63
47 311.5 173 97 47
49 228.5 163 73 41
50 163 149 56 33
53 112 148 56 37
54 904.5 189 113 65
55 877.5 231 167 75
56 69.5 139 47 33
57 695 200 148 68
58 336 132 78 41
59 208 130 50 36
65 819 130 284 99
72 524.5 106 89 38
74 371.5 96 65 32
75 565.5 91 75 34
76 271.5 95 59 30
77 397 81 62 29
78 189 90 48 28
79 310.5 78 55 24
