7 442 437 186 150
8 336.5 322 337 173
9 21 239 40 52
16 936.5 367 49 88
17 753 328 192 125
18 526.5 272 155 79
19 376.5 237 113 79
20 259 213 102 55
21 143.5 198 175 91
22 61 172 58 38
39 804.5 280 211 111
40 577 232 134 71
41 330.5 180 103 54
42 192 121 82 55
43 111.5 116 41 26
61 937.5 135 47 52
62 831 134 120 50
63 691.5 121 107 44
64 563.5 112 91 39
65 416.5 105 185 70
67 921 114 80 38
68 799.5 107 113 38
69 660.5 101 95 38
70 539.5 91 83 37
71 347 88 48 29
72 300.5 97 59 29
73 288.5 82 55 22
74 230.5 92 47 24
75 214 79 40 20
76 178 92 38 24
