12 722.5 541 299 171
13 420 324 164 90
16 936 368 50 89
17 750.5 328 189 125
18 524.5 271 155 79
19 375 235 114 77
20 257 212 102 55
21 142.5 197 177 91
22 59.5 171 57 38
23 24 163 46 34
39 802 277 210 109
40 581 233 136 71
41 436 197 120 60
46 926.5 209 69 72
47 307 179 96 49
48 899.5 235 123 63
49 181 153 56 32
50 112.5 141 51 30
61 936 135 50 52
62 828.5 132 119 49
63 690 120 106 42
64 562 112 90 40
65 416.5 104 185 68
68 832.5 109 115 37
69 685 101 96 38
70 571 92 84 35
71 426 87 58 30
72 298 99 62 30
73 312 84 52 25
74 231.5 95 47 29
75 247 82 46 24
76 181.5 90 41 22
77 209.5 77 41 23
