14 764 434 252 134
19 738 316 182 119
20 384 243 130 70
21 183.5 207 197 100
22 67 169 62 36
23 24.5 161 47 32
39 799 275 212 110
40 578.5 230 135 71
41 432 197 122 62
47 314 176 98 49
49 233 164 70 41
50 159 147 56 33
53 105.5 145 51 32
54 721.5 168 123 56
55 703.5 203 149 63
56 65 137 42 29
57 373 152 84 45
62 914.5 133 93 46
63 748 123 110 46
64 596 113 94 40
65 435.5 103 193 72
70 794.5 105 115 46
71 627.5 95 91 38
72 298.5 94 59 27
73 518.5 92 71 40
74 230 92 48 26
75 330.5 84 41 26
76 181.5 89 39 23
77 251.5 81 51 28
