14 482 343 176 96
18 895.5 349 131 96
19 567 277 150 98
20 285.5 218 105 58
21 146 198 180 92
22 57.5 170 59 38
23 22 162 42 35
39 799 275 212 110
40 578.5 230 135 71
41 432.5 197 121 62
47 314 176 98 49
49 233.5 164 69 41
50 158.5 147 57 33
53 80.5 144 47 34
54 507.5 148 97 45
55 476.5 175 113 54
56 63.5 137 41 29
57 232 130 62 34
62 856 130 126 51
63 713 122 110 43
64 575.5 113 91 40
65 419 101 186 67
69 891.5 113 111 45
70 736 97 106 40
71 593.5 93 83 35
72 297 95 62 30
73 486.5 89 75 37
74 230 92 52 24
75 289 80 44 22
76 181 87 40 24
77 230.5 77 43 26
