11 609 497 254 152
12 147 295 110 74
13 72.5 220 81 48
16 936 368 50 89
17 751 328 190 125
18 524.5 271 155 79
19 376 236 114 78
20 258 212 102 55
21 142.5 198 177 91
22 59.5 171 57 38
23 24 163 46 34
39 802.5 278 209 109
40 581 234 136 71
41 437 197 120 60
45 764.5 187 129 65
46 325 134 66 38
47 254 172 78 50
48 271.5 144 67 37
49 111 132 36 30
61 936.5 135 49 52
62 829.5 132 119 49
63 690 119 106 42
64 562 112 90 40
65 416.5 104 185 68
67 935 116 52 38
68 824 109 114 38
69 683.5 101 97 38
70 572 94 84 35
71 406.5 87 55 30
72 298.5 97 61 28
73 309.5 83 55 25
74 232.5 95 47 29
75 240.5 81 43 23
76 183 91 40 23
77 203 78 40 24
