10 605 514 282 163
11 108 281 94 66
16 936.5 368 49 89
17 751.5 328 191 125
18 525.5 271 155 79
19 376 236 114 78
20 258 212 102 55
21 143 198 176 91
22 61 171 58 38
23 24.5 162 47 33
39 803 279 210 110
40 582 235 136 71
41 437 197 120 60
43 775.5 212 165 69
44 482.5 177 107 52
45 299.5 130 65 35
46 145 116 44 28
47 115 139 48 28
48 94.5 118 37 21
61 936.5 135 49 52
62 829.5 134 119 50
63 690 120 106 43
64 562.5 113 91 40
65 416.5 105 185 69
67 930 115 62 37
68 816 108 112 38
69 681 101 98 38
70 568.5 92 83 35
71 388.5 87 53 29
72 299 97 60 27
73 305.5 82 57 24
74 233 95 48 28
75 233 80 40 22
76 183.5 92 39 24
77 196 79 40 25
