7 273.5 364 139 116
8 201 276 248 139
16 936.5 367 49 88
17 753.5 328 193 125
18 526.5 272 155 79
19 376.5 237 113 79
20 259 213 102 55
21 143.5 198 175 91
22 61 172 58 38
39 801.5 278 211 107
40 544 223 128 65
41 277.5 173 91 49
42 153.5 118 71 53
61 937.5 136 47 52
62 831 134 120 50
63 691.5 121 107 44
64 563.5 112 91 39
65 416.5 105 185 70
67 920.5 114 81 39
68 796.5 107 113 38
69 654.5 99 93 37
70 538.5 91 81 37
71 342 88 48 29
72 301 97 60 30
73 282.5 83 53 22
74 230.5 92 47 24
75 210 80 40 20
76 174 92 38 24
