15 89.5 227 89 49
19 909.5 342 103 113
20 567 287 174 90
21 266 230 238 119
22 122 182 70 42
23 30 166 58 38
39 798.5 274 213 110
40 577.5 229 135 71
41 432 197 122 62
47 313 175 98 48
49 231.5 163 71 41
50 160 147 56 33
53 115 146 54 32
54 896 196 130 71
55 879.5 233 163 77
56 65.5 137 43 30
57 566 180 124 60
63 856.5 132 129 52
64 645 115 96 42
65 463 105 200 75
70 940 113 42 45
71 685 97 100 39
72 318.5 96 63 30
73 541 91 88 37
74 243.5 93 47 27
75 365 86 54 26
76 187.5 91 43 24
77 294 81 50 30
79 220 79 46 25
