4 539 365 208 112
5 250.5 266 113 74
6 67 225 132 101
16 937 366 48 87
17 755 329 194 126
18 527.5 271 155 78
19 378.5 238 113 80
20 260 213 102 55
21 143.5 199 173 91
22 62.5 172 59 38
35 912.5 230 97 64
36 560.5 225 159 71
37 619 162 124 60
38 212 121 58 28
39 183.5 146 67 38
61 938 136 46 52
62 832 135 120 50
63 693 122 108 45
64 564 112 92 38
65 416 105 184 71
67 895.5 114 131 44
68 748 107 104 40
69 625 98 94 38
70 520 90 72 36
71 276 83 48 26
72 247 96 54 27
73 194.5 83 45 23
74 168.5 91 39 24
