15 77 223 86 47
19 900.5 341 121 115
20 552.5 283 171 89
21 259 226 234 116
22 115.5 182 69 43
23 29.5 164 57 36
39 798.5 274 213 110
40 577.5 229 135 71
41 432 197 122 62
47 313 175 98 48
49 232.5 163 71 41
50 160 147 56 33
53 115 146 54 32
54 892.5 195 137 71
55 875.5 231 171 76
56 65.5 137 43 30
57 553.5 181 121 61
63 845 131 126 51
64 638.5 115 99 42
65 461 104 200 73
70 929.5 112 63 45
71 675.5 97 99 39
72 316 96 62 30
73 538.5 92 87 38
74 242.5 92 47 26
75 363.5 86 55 27
76 187 91 42 24
77 291 80 50 29
79 218 79 46 25
