15 788.5 444 265 142
21 815.5 375 291 220
22 496.5 273 155 82
23 270.5 219 109 56
24 156 190 80 53
25 46 188 90 41
26 40 168 78 37
39 797 274 214 111
40 576 227 134 71
41 430 197 122 63
47 311.5 172 97 46
49 228 163 74 41
50 164 149 56 33
53 110 148 56 38
54 904 187 114 64
55 878 230 166 75
56 70 138 48 33
57 696.5 198 149 66
58 462 139 98 43
59 328 143 76 39
65 918 133 86 101
72 640.5 117 101 46
74 450.5 100 73 32
75 768.5 104 105 45
76 322.5 95 65 30
77 463.5 81 71 32
78 209 91 52 25
79 356 81 60 32
