14 116.5 233 91 51
17 913 354 96 123
18 607.5 292 173 88
19 375 234 112 76
20 255.5 211 101 54
21 142 198 180 92
22 58 169 56 37
23 22 164 42 36
39 800 276 212 110
40 578.5 231 135 71
41 433.5 196 121 61
47 315 177 98 50
49 235 164 68 41
50 156.5 146 57 33
52 652.5 168 133 54
53 72 142 44 33
54 207.5 122 55 32
55 138.5 116 39 25
61 933.5 138 55 52
62 827.5 131 119 49
63 686.5 118 107 40
64 561 112 90 38
65 418 105 186 68
68 947 114 28 37
69 823.5 107 113 41
70 667.5 99 101 42
71 522.5 85 69 30
72 293.5 96 57 28
73 321.5 85 41 26
74 231 93 50 27
75 266 82 48 23
76 180.5 87 41 21
77 220 76 42 22
