6 725 474 472 287
7 84.5 281 91 81
8 56 218 110 96
16 936.5 366 49 87
17 753.5 328 193 125
18 526.5 271 155 78
19 377.5 238 113 80
20 259 213 102 55
21 143.5 198 175 91
22 61.5 172 59 38
39 732.5 265 205 101
40 424.5 202 103 58
41 137.5 147 63 37
61 937.5 136 47 52
62 831 134 120 50
63 691.5 121 107 44
64 563.5 113 91 39
65 416.5 105 185 70
67 918.5 111 85 36
68 786 109 104 42
69 640.5 100 99 40
70 535.5 94 83 40
71 327.5 82 49 25
72 299 94 60 25
73 267 83 50 24
74 225.5 95 49 29
75 195 80 38 24
