7 255.5 356 133 113
8 185.5 270 239 134
16 936.5 367 49 88
17 753.5 328 193 125
18 526.5 271 155 78
19 376.5 237 113 79
20 259 213 102 55
21 143.5 198 175 91
22 61 172 58 38
39 800.5 280 211 110
40 538.5 221 129 64
41 269.5 173 91 50
42 148.5 119 71 54
61 937.5 136 47 52
62 831 134 120 50
63 691.5 121 107 44
64 563.5 112 91 39
65 416.5 105 185 70
67 921 114 82 39
68 796.5 107 113 38
69 653.5 99 93 37
70 538.5 91 81 37
71 341 87 48 29
72 300 97 60 30
73 281.5 83 53 22
74 230 93 48 24
75 208.5 79 39 20
76 171.5 93 37 24
