14 83.5 225 85 49
17 895 352 132 126
18 569.5 282 165 84
19 374.5 236 113 78
20 255.5 211 101 54
21 142 198 180 92
22 58 169 56 37
23 22 164 42 36
39 800 276 212 110
40 578.5 231 135 71
41 433.5 196 121 61
47 315 177 98 50
49 236 164 68 41
50 156.5 146 57 33
52 588 161 120 51
53 71.5 142 43 33
54 181 119 50 31
55 118.5 115 41 25
61 935 134 52 52
62 827 131 118 49
63 688 117 104 39
64 561 112 90 42
65 417 103 186 66
68 938.5 116 45 38
69 814.5 107 113 43
70 660.5 98 103 40
71 516.5 85 57 30
72 295 96 60 27
73 319.5 84 45 25
74 228.5 93 49 27
75 264.5 81 47 23
76 180.5 88 39 22
77 218.5 78 45 25
