17 792.5 337 199 130
18 524 272 156 80
19 374 234 114 76
20 255.5 211 101 54
21 141.5 198 179 92
22 58 170 56 37
23 22.5 164 43 36
39 800.5 277 211 110
40 579.5 231 135 71
41 433.5 197 121 61
47 315.5 178 99 51
49 236.5 164 67 41
50 155.5 145 57 33
51 797 213 158 67
52 351 137 84 38
53 67 141 42 32
61 935 134 52 52
62 827 131 118 49
63 688.5 118 105 40
64 561 112 90 41
65 416.5 103 185 66
68 931.5 116 59 38
69 779.5 106 117 44
70 622 95 96 39
71 482 87 64 31
72 294.5 96 61 27
73 321 86 50 27
74 228 92 48 26
75 262 80 44 22
76 180.5 89 41 23
77 217 78 46 25
