9 411 419 204 126
10 114.5 286 101 70
16 936.5 367 49 88
17 752.5 328 191 125
18 525.5 272 155 79
19 376.5 237 113 79
20 258 212 102 55
21 143 198 176 91
22 61 172 58 38
23 25 162 48 33
39 804 281 212 113
40 582.5 234 135 70
41 436.5 198 117 61
42 535 153 154 91
43 272 144 68 39
44 157.5 147 57 35
45 123.5 115 41 26
61 937 135 48 52
62 830 134 120 50
63 691 120 106 43
64 563.5 113 91 40
65 416.5 104 185 69
67 924.5 113 73 35
68 808.5 108 111 38
69 679.5 102 99 38
70 547 94 88 38
71 370.5 87 51 29
72 299.5 96 59 26
73 302.5 82 59 24
74 233.5 95 49 28
75 226 78 38 20
76 185 92 38 24
77 189 79 40 25
