15 266.5 276 123 72
20 774.5 337 225 106
21 384 264 310 149
22 195.5 198 89 49
23 69.5 174 69 39
24 17.5 151 33 35
39 797.5 274 213 110
40 577.5 229 135 71
41 431 196 122 62
47 313 174 98 48
49 231 163 72 41
50 161 148 56 33
53 116 147 56 34
54 905 192 112 66
55 876 233 170 76
56 67 138 44 31
57 677 196 146 65
58 108 111 46 30
64 807 130 124 50
65 526.5 109 227 77
71 896 110 130 50
72 347.5 94 67 25
73 620.5 95 97 41
74 263 94 54 32
75 388.5 85 55 28
76 201 89 44 23
77 323 81 54 31
79 257 78 50 27
