14 701.5 414 235 127
19 700 308 172 112
20 357.5 234 123 65
21 172.5 204 193 95
22 62 170 60 36
23 23.5 164 45 35
39 799 275 212 110
40 578.5 230 135 71
41 431.5 197 121 62
47 314 176 98 49
49 233 164 70 41
50 159 147 56 33
53 99 144 50 32
54 677.5 164 119 53
55 665 201 144 66
56 65 137 42 29
57 337.5 147 79 42
62 902 134 118 50
63 736.5 123 109 46
64 590.5 113 93 40
65 431.5 103 191 72
69 950.5 112 21 33
70 775 103 112 45
71 619.5 94 89 36
72 296.5 94 59 27
73 516 91 68 40
74 228 92 48 26
75 323.5 83 41 25
76 180.5 89 39 23
77 244.5 81 49 28
