15 713.5 423 243 133
21 723 368 476 231
22 388.5 246 131 69
23 201 204 96 51
24 105.5 178 69 47
25 35.5 187 69 38
26 25.5 166 49 36
39 797 274 214 111
40 576.5 228 135 71
41 430 197 122 63
47 311.5 173 97 47
49 228.5 163 73 41
50 163 149 56 33
53 111 148 56 37
54 904.5 189 113 65
55 877.5 231 167 75
56 69.5 138 47 33
57 695 199 148 67
58 344.5 133 79 42
59 216.5 131 53 35
65 825.5 130 271 99
72 532.5 106 91 38
74 377 97 66 32
75 577 93 78 36
76 274.5 94 59 29
77 401 82 64 31
78 190 89 48 27
79 313 79 56 26
