15 199.5 256 103 63
20 702 320 206 100
21 342.5 252 283 139
22 171.5 194 79 45
23 53.5 172 69 40
24 14.5 154 27 37
39 797.5 274 213 110
40 577.5 229 135 71
41 431 196 122 62
47 313 175 98 48
49 230.5 163 71 41
50 160 148 56 33
53 115.5 146 55 33
54 904 190 114 63
55 881 232 160 75
56 67 138 44 31
57 652.5 196 135 66
63 937 127 48 38
64 752 127 118 50
65 498 107 216 78
71 807 106 110 46
72 337.5 96 65 29
73 577.5 94 101 40
74 255.5 91 55 27
75 379 86 58 28
76 197 90 44 24
77 314.5 83 55 32
79 248 78 48 27
