15 774.5 439 261 139
21 783 371 356 223
22 461.5 262 149 76
23 249.5 214 107 55
24 143 188 76 49
25 42.5 190 83 42
26 35.5 167 69 37
39 797 274 214 111
40 576 227 134 71
41 430 197 122 63
47 311.5 172 97 46
49 228 163 74 41
50 163 149 56 33
53 110 148 56 37
54 904.5 189 113 65
55 877.5 230 167 75
56 70 138 48 33
57 695 199 148 67
58 427.5 141 93 48
59 292.5 143 71 40
65 887.5 131 147 99
72 603.5 110 95 40
74 426.5 100 77 33
75 700.5 100 97 40
76 307.5 94 61 27
77 442.5 83 67 33
78 202.5 89 47 24
79 343.5 82 59 29
