14 190.5 255 105 64
17 950.5 368 21 107
18 698.5 311 195 94
19 387.5 237 113 78
20 256.5 213 103 58
21 141 198 180 92
22 58 169 56 37
23 22 164 42 36
39 800 276 212 110
40 578.5 231 135 71
41 432.5 196 121 61
47 315 177 98 50
49 235.5 164 69 41
50 157.5 146 57 33
52 794.5 185 159 60
53 74.5 143 45 33
54 270.5 127 63 34
55 191 134 60 34
56 62 137 40 30
57 112.5 109 39 24
61 938 133 46 48
62 829 129 120 48
63 691.5 118 103 41
64 560.5 112 89 38
65 418 102 184 67
69 840 108 114 42
70 683.5 94 101 38
71 544 91 70 36
72 294 96 58 28
73 325.5 85 39 25
74 230 93 48 26
75 268 80 46 23
76 180 88 42 22
77 222 75 42 22
