14 286 284 126 76
18 788.5 333 213 105
19 433.5 247 127 82
20 259 211 100 55
21 141 198 180 92
22 57.5 169 55 37
23 22 164 42 36
39 799 276 212 110
40 578.5 230 135 71
41 432.5 196 121 61
47 314 176 98 49
49 234.5 164 69 41
50 157.5 146 57 33
52 908 196 106 62
53 77 143 46 33
54 353.5 134 71 38
55 276.5 145 73 36
56 63 137 40 28
57 147.5 117 49 29
62 831.5 128 121 47
63 697 119 106 41
64 563.5 112 89 39
65 418 99 184 66
69 859.5 111 117 44
70 703.5 94 103 38
71 563.5 92 75 36
72 294.5 97 59 29
73 353 86 48 26
74 229.5 92 47 25
75 271.5 79 45 23
76 179 89 42 24
77 224 75 42 24
