14 499 350 182 98
18 902 348 118 94
19 579 279 152 99
20 290 219 106 59
21 147.5 198 181 92
22 57 170 58 38
23 21.5 162 41 35
39 799 275 212 110
40 578.5 230 135 71
41 432.5 197 121 62
47 314 176 98 49
49 234 164 70 41
50 158 147 56 33
53 81.5 144 47 34
54 520 149 98 45
55 494 177 114 54
56 63.5 137 41 29
57 239.5 133 65 36
62 859.5 131 127 52
63 714.5 121 109 43
64 576.5 113 91 40
65 420 101 186 68
69 896 113 104 45
70 738 98 106 41
71 596 93 84 35
72 297 95 62 30
73 489 89 74 37
74 229 92 52 24
75 292 81 44 23
76 181 88 40 24
77 232 78 44 27
