15 754.5 431 257 135
21 750 373 422 228
22 423 256 140 75
23 225.5 208 101 51
24 123.5 184 71 50
25 38.5 187 75 38
26 31.5 167 61 38
39 797 274 214 111
40 576.5 227 135 71
41 430 197 122 63
47 311.5 173 97 47
49 228.5 163 73 41
50 163 149 56 33
53 111 148 56 37
54 904.5 189 113 65
55 877.5 230 167 75
56 69.5 138 47 33
57 695 199 148 67
58 383.5 136 83 45
59 253.5 137 65 36
65 854.5 132 213 99
72 566.5 109 95 39
74 401 98 70 33
75 633 96 86 39
76 289.5 94 59 29
77 419.5 82 65 33
78 195.5 91 49 28
79 325 80 58 28
