14 653.5 398 223 119
19 672.5 304 161 111
20 339 230 120 63
21 163 202 186 95
22 58.5 168 59 34
23 23 163 44 36
39 799 275 212 110
40 578.5 230 135 71
41 431.5 197 121 62
47 314 176 98 49
49 233 164 70 41
50 158 147 56 33
53 93.5 145 49 33
54 641.5 161 115 52
55 629 195 136 63
56 64.5 137 41 29
57 312.5 144 77 43
62 892.5 134 137 53
63 728 123 108 46
64 586 113 92 40
65 428.5 102 189 72
69 935 111 52 40
70 759.5 103 109 45
71 614.5 94 89 35
72 296 96 60 30
73 512.5 91 65 40
74 229 91 52 26
75 316.5 84 43 24
76 182 90 40 24
77 241.5 81 47 30
