10 683.5 529 311 157
11 132.5 293 101 72
12 20.5 217 39 52
16 936.5 368 49 89
17 751.5 328 191 125
18 525.5 271 155 79
19 376 236 114 78
20 258 212 102 55
21 142 198 176 91
22 61 171 58 38
23 24.5 162 47 33
39 803 279 210 110
40 582 235 136 71
41 437 197 120 60
43 856 228 172 76
44 528 187 118 59
45 324 133 66 36
46 154 117 46 29
47 129 141 52 29
48 102.5 119 37 21
61 936.5 135 49 52
62 829.5 133 119 49
63 690 120 106 43
64 562.5 113 91 40
65 416.5 105 185 69
67 930.5 115 61 37
68 817 109 112 38
69 681 101 98 38
70 570 92 84 35
71 389.5 87 53 29
72 299 97 60 27
73 306.5 82 57 24
74 233 95 48 28
75 234 80 40 22
76 183.5 91 39 23
77 197 79 40 25
