14 819 450 258 136
19 773.5 323 183 122
20 413.5 248 137 73
21 196 210 204 102
22 74 171 66 38
23 25.5 161 49 33
39 798 275 212 110
40 578.5 229 135 71
41 432 197 122 62
47 314 176 98 49
49 233 164 70 41
50 159 147 56 33
53 112 145 52 31
54 764.5 175 131 60
55 739.5 204 155 63
56 65 137 42 29
57 409 158 94 48
62 927 132 68 42
63 759 123 112 46
64 601.5 114 95 40
65 440 104 196 72
70 814 107 118 47
71 634 95 92 39
72 301 95 60 28
73 522 92 74 40
74 231.5 91 49 26
75 336 84 42 26
76 182.5 88 39 23
77 257.5 81 51 28
