14 435 329 164 92
18 878.5 352 165 104
19 536.5 271 145 95
20 274 215 104 56
21 142 197 178 92
22 56.5 170 55 37
23 22.5 163 43 36
39 799 275 212 110
40 578.5 230 135 71
41 432.5 197 121 62
47 314 176 98 49
49 233.5 164 69 41
50 158.5 146 57 33
53 80.5 144 47 34
54 472 145 92 45
55 431.5 172 109 55
56 63.5 136 41 28
57 213 126 58 30
62 848 130 124 51
63 709.5 121 109 42
64 572 112 90 39
65 417.5 100 185 66
69 882.5 113 119 46
70 728.5 95 105 39
71 588 92 82 35
72 296 95 62 30
73 476.5 90 83 36
74 230 92 52 24
75 284 79 44 22
76 181 87 40 24
77 228 76 42 25
