15 782.5 441 263 140
21 797.5 373 327 222
22 477.5 267 151 79
23 258.5 216 107 55
24 148 189 78 51
25 44 190 86 42
26 38 168 74 37
39 797 274 214 111
40 576 227 134 71
41 430 197 122 63
47 311.5 172 97 46
49 228 163 74 41
50 163 149 56 33
53 110 147 56 37
54 904.5 189 113 65
55 878.5 230 167 75
56 70 138 48 33
57 695 199 148 67
58 442.5 139 95 45
59 308.5 142 73 39
65 901 132 120 101
72 620 113 98 43
74 437.5 100 75 32
75 731.5 102 101 43
76 314.5 94 63 28
77 452.5 82 69 32
78 206 90 50 24
79 348.5 81 59 30
