16 935 367 52 89
17 749 328 188 125
18 524.5 272 155 80
19 375 235 114 77
20 257 212 102 55
21 142 197 178 91
22 59.5 171 57 38
23 23 163 44 35
39 801 277 210 109
40 580 233 136 71
41 435 197 120 61
47 316.5 180 99 52
49 238.5 165 65 41
50 153.5 144 57 33
51 171.5 130 67 30
61 935.5 135 51 52
62 828.5 132 119 49
63 688.5 119 105 41
64 562 112 90 41
65 416.5 104 185 67
68 870 116 126 45
69 687.5 100 95 38
70 568.5 90 83 33
71 450.5 86 61 30
72 296 97 60 29
73 323 83 40 24
74 230 94 46 27
75 255.5 82 41 23
76 180 90 40 22
77 209 75 40 21
