15 307 290 134 78
20 819.5 348 233 112
21 409 272 324 155
22 210 204 86 50
23 81.5 178 71 39
24 20.5 154 39 35
39 797.5 274 213 110
40 577.5 228 135 71
41 431 196 122 62
47 313 174 98 48
49 231 163 72 41
50 161 148 56 33
53 115 147 56 34
54 905 192 112 66
55 876.5 233 169 76
56 67.5 137 45 31
57 687.5 199 151 65
58 120 112 48 28
64 844 132 130 55
65 547.5 109 229 79
71 925.5 109 71 45
72 358 97 68 30
73 653.5 94 101 43
74 269 93 54 29
75 393.5 85 59 28
76 205 91 48 25
77 326 82 54 32
79 262.5 79 51 30
