13 726.5 414 235 124
16 936 369 50 90
17 750.5 328 189 125
18 524.5 271 155 79
19 375 235 114 77
20 257 212 102 55
21 142 197 178 91
22 59.5 171 57 38
23 23.5 163 45 34
39 802 277 210 109
40 581 233 136 71
41 435 197 120 60
47 316 177 98 50
49 225 164 66 39
50 134 145 64 35
61 936 135 50 52
62 828.5 132 119 49
63 689.5 119 105 41
64 562 113 90 41
65 416.5 104 185 68
68 842 112 118 40
69 686 100 96 38
70 571.5 92 85 35
71 434.5 87 59 30
72 297 99 62 30
73 315 84 50 25
74 231 95 46 30
75 249 82 48 24
76 181 90 42 22
77 209 77 42 23
