11 346 385 172 102
12 71 256 84 60
13 23 208 44 45
16 936 368 50 89
17 751 328 190 125
18 525.5 271 155 79
19 376 236 114 78
20 258 212 102 55
21 142.5 198 177 91
22 59.5 171 57 38
23 24.5 163 47 34
39 802.5 278 209 109
40 582 234 136 71
41 437 197 120 60
44 905.5 241 111 75
45 533.5 156 101 50
46 238 124 54 32
47 214 160 52 39
48 187 135 50 32
61 936.5 135 49 52
62 829.5 132 119 49
63 690 119 106 42
64 562 112 90 40
65 416.5 105 185 69
67 933 115 56 37
68 821.5 109 113 38
69 683 101 98 38
70 571 93 84 35
71 399.5 87 55 30
72 298 97 60 28
73 307.5 82 55 24
74 233 95 48 29
75 238 81 42 23
76 183 91 40 23
77 200 78 40 24
