4 861 459 200 136
5 415 317 154 96
6 117.5 251 233 126
16 937 366 48 87
17 755 329 194 126
18 527.5 271 155 78
19 377.5 238 113 80
20 260 213 102 55
21 144 198 174 91
22 62.5 172 59 38
36 719 257 190 85
37 903.5 193 115 75
38 310.5 129 71 34
39 277 171 94 48
40 88 136 46 31
61 938 136 46 52
62 832 135 120 50
63 692.5 122 107 45
64 563.5 113 91 39
65 416.5 105 185 71
67 904 113 114 41
68 758.5 108 111 41
69 632.5 98 95 38
70 525.5 88 73 35
71 295.5 84 49 29
72 260.5 96 55 27
73 217.5 81 51 23
74 181.5 91 41 23
