6 865.5 473 191 249
7 147.5 309 103 92
8 91 235 180 108
16 936.5 367 49 88
17 753.5 328 193 125
18 526.5 271 155 78
19 377.5 237 113 79
20 259 213 102 55
21 143.5 198 175 91
22 61.5 172 59 38
39 772 269 206 102
40 483.5 216 115 64
41 205 161 64 43
61 937.5 136 47 52
62 831 134 120 50
63 691.5 121 107 44
64 563.5 113 91 39
65 416.5 105 185 70
67 919.5 115 83 40
68 793.5 108 113 39
69 647 100 92 38
70 536.5 90 79 37
71 336 87 50 29
72 299 97 62 30
73 269.5 85 51 24
74 229 95 50 26
75 202 80 36 22
