7 681 523 248 180
8 535.5 392 467 230
9 49.5 260 97 62
10 13 209 24 43
16 936.5 367 49 88
17 753 328 192 125
18 526.5 272 155 79
19 376.5 237 113 79
20 259 212 102 55
21 142.5 198 175 91
22 61 172 58 38
39 804.5 280 213 112
40 583.5 228 133 66
41 373 190 110 60
42 243 128 90 61
43 134 116 46 23
61 937 135 48 52
62 831 134 120 50
63 691.5 121 107 44
64 563.5 112 91 39
65 416.5 105 185 70
67 922 114 78 37
68 802 107 112 38
69 666 101 96 38
70 541 92 84 37
71 353.5 87 49 29
72 299.5 97 59 28
73 292 81 56 22
74 232 93 48 25
75 216.5 79 39 20
76 180 92 38 24
