15 491.5 351 179 104
20 932.5 356 57 85
21 545.5 312 407 185
22 283.5 219 103 59
23 133.5 188 81 44
24 44.5 163 61 39
25 15 181 28 36
39 797.5 274 213 111
40 577.5 228 135 71
41 431 196 122 62
47 312.5 173 97 47
49 230.5 163 73 41
50 162 148 56 33
53 114 147 56 35
54 904.5 190 113 65
55 877 231 168 75
56 68 138 46 32
57 694.5 201 147 69
58 207.5 119 59 33
59 114 112 40 25
65 669.5 120 273 90
72 420.5 97 75 30
73 851.5 109 125 51
74 300 94 56 30
75 430.5 84 71 27
76 228 92 48 26
77 345 82 58 31
78 170 87 44 25
79 281.5 79 51 28
