9 810.5 541 301 148
10 275.5 360 161 97
11 24.5 235 47 52
16 936.5 367 49 88
17 751.5 328 191 125
18 525.5 272 155 79
19 376 236 114 78
20 258 212 102 55
21 143 198 176 91
22 61 171 58 38
23 25 162 48 33
39 804 281 212 113
40 582 235 136 71
41 436 201 120 64
42 829 192 186 122
43 424.5 164 101 48
44 281 156 78 41
45 185.5 120 55 29
46 102.5 109 35 25
61 937 135 48 52
62 829.5 134 119 50
63 690 120 106 43
64 562.5 113 91 40
65 416.5 105 185 69
67 927 114 68 36
68 813 108 112 38
69 680.5 102 99 38
70 566.5 92 83 35
71 379 87 52 29
72 298.5 96 59 26
73 304 82 58 24
74 233 95 48 28
75 229.5 79 39 21
76 184 92 38 24
77 192 79 40 25
