10 399 421 206 123
11 44.5 253 87 58
16 936.5 368 49 89
17 751.5 328 191 125
18 525.5 272 155 79
19 376 236 114 78
20 258 212 102 55
21 143 198 176 91
22 61 171 58 38
23 24.5 162 47 33
39 803.5 279 211 111
40 582 235 136 71
41 436.5 198 119 60
43 551 181 122 55
44 358.5 162 91 44
45 230 125 58 32
46 118.5 112 39 25
47 81 132 36 28
61 936.5 135 49 52
62 829.5 134 119 50
63 690 120 106 43
64 562.5 113 91 40
65 416.5 105 185 69
67 928.5 114 65 36
68 814 108 112 38
69 681 102 98 38
70 567.5 92 83 35
71 383.5 87 53 29
72 299 97 60 27
73 305 82 58 24
74 233 95 48 28
75 231 79 40 21
76 184 92 38 24
77 194 79 40 25
