14 511.5 353 187 99
18 906.5 347 109 92
19 587.5 280 153 99
20 294 221 106 60
21 148 198 182 92
22 57 170 58 38
23 21.5 161 41 34
39 799 275 212 110
40 578.5 230 135 71
41 432.5 197 121 62
47 314 176 98 49
49 234 164 70 41
50 158 147 56 33
53 81.5 144 47 34
54 528.5 150 99 46
55 505.5 177 115 53
56 63.5 137 41 29
57 244 134 66 37
62 861.5 132 127 52
63 715.5 122 109 44
64 577.5 113 91 40
65 421.5 101 187 68
69 899 113 100 45
70 740 98 106 41
71 597 93 84 35
72 297 95 62 30
73 491.5 89 73 37
74 229 91 52 24
75 294 81 44 23
76 181 88 40 24
77 233 78 44 27
