14 647 396 222 118
18 952.5 345 17 61
19 669 303 160 111
20 335.5 229 119 63
21 161 202 184 95
22 58.5 168 59 34
23 23 163 44 36
39 799 275 212 110
40 578.5 230 135 71
41 431.5 197 121 62
47 314 176 98 49
49 233 164 70 41
50 158 147 56 33
53 93.5 144 49 33
54 636 161 114 52
55 624.5 194 135 63
56 64.5 137 41 29
57 309.5 144 77 44
62 891 134 140 53
63 727 123 108 46
64 586 113 92 40
65 428.5 102 189 72
69 933 112 56 42
70 757.5 103 109 45
71 614 94 88 35
72 296 97 60 31
73 512.5 91 65 40
74 229 92 52 27
75 315 83 44 23
76 182 90 40 24
77 241.5 81 47 30
