14 688 410 232 125
19 691.5 307 169 112
20 352 233 122 65
21 169.5 204 191 95
22 61 169 60 35
23 23 165 44 36
39 799 275 212 110
40 578.5 230 135 71
41 431.5 197 121 62
47 314 176 98 49
49 233 164 70 41
50 159 147 56 33
53 98 144 50 32
54 668 163 118 53
55 655 199 142 65
56 65 137 42 29
57 330.5 145 79 42
62 899.5 134 123 51
63 734.5 123 109 46
64 589 113 92 40
65 431 102 190 72
69 946 112 30 35
70 770.5 103 111 45
71 618.5 94 89 36
72 296.5 95 59 28
73 514.5 91 67 40
74 228.5 92 49 26
75 321 83 42 25
76 180.5 89 39 23
77 244.5 81 49 29
