15 518.5 361 187 108
20 947.5 349 27 71
21 566 318 418 191
22 295.5 226 107 64
23 140.5 191 81 48
24 52.5 163 61 39
25 18.5 182 35 38
39 797.5 274 213 111
40 577.5 228 135 71
41 430 196 122 62
47 311.5 173 97 47
49 229.5 163 73 41
50 162 148 56 33
53 113 147 56 35
54 904.5 190 113 65
55 877 231 168 75
56 69 138 46 32
57 694.5 201 147 69
58 222 118 58 32
59 122.5 116 39 27
65 689 122 280 91
72 433 99 78 33
73 897.5 112 127 53
74 306 95 56 31
75 440 86 70 29
76 232.5 91 49 26
77 349 83 58 33
78 173 86 44 22
79 283 79 50 28
