15 211 259 108 64
20 715.5 321 209 101
21 349 255 288 141
22 175 195 80 46
23 56 173 68 40
24 15 153 28 36
39 797.5 274 213 110
40 577.5 229 135 71
41 431 196 122 62
47 313 175 98 48
49 231 163 72 41
50 161 148 56 33
53 116 146 56 33
54 903.5 189 115 63
55 881.5 233 159 77
56 67 138 44 31
57 658.5 196 137 65
63 944 129 34 37
64 761.5 127 119 50
65 503 106 218 77
71 822.5 107 113 47
72 339 95 66 28
73 585 94 100 40
74 256.5 92 55 28
75 380.5 86 57 28
76 198 90 44 24
77 316.5 83 55 32
79 249 78 48 27
