10 862 541 198 101
11 226.5 335 133 88
12 36 237 70 55
16 936 368 50 89
17 751.5 328 191 125
18 525.5 271 155 79
19 376 236 114 78
20 258 212 102 55
21 142.5 198 177 91
22 59.5 171 57 38
23 24.5 163 47 34
39 803.5 279 209 109
40 582 235 136 71
41 437 197 120 60
44 712 206 146 63
45 417.5 143 83 43
46 193 119 48 27
47 179.5 152 53 32
48 140 125 36 23
61 936.5 135 49 52
62 829.5 133 119 49
63 690 119 106 42
64 562.5 112 91 40
65 416.5 105 185 69
67 932 115 58 37
68 819.5 109 113 38
69 682 101 98 38
70 570 93 84 35
71 395 88 54 30
72 298 98 60 28
73 307 82 56 24
74 233 94 48 28
75 235.5 80 41 22
76 183.5 91 39 23
77 198 78 40 24
