15 222.5 262 113 65
20 728 324 212 103
21 356.5 258 293 144
22 179.5 196 81 47
23 59.5 173 67 40
24 15.5 152 29 35
39 797.5 274 213 110
40 577.5 229 135 71
41 431 196 122 62
47 313 175 98 48
49 231 163 72 41
50 161 148 56 33
53 116 146 56 33
54 903 190 116 64
55 881.5 234 159 79
56 67 138 44 31
57 665 196 140 64
63 950.5 130 21 36
64 771 128 120 50
65 508 107 220 77
71 838 107 116 47
72 341 95 66 27
73 592 94 100 40
74 258.5 92 55 29
75 382 86 56 28
76 199 89 44 23
77 317.5 82 55 31
79 251 78 48 27
