4 383.5 315 161 92
5 175.5 243 95 65
6 43 210 84 89
16 937 366 48 87
17 755.5 329 195 126
18 527.5 271 155 78
19 378.5 239 113 81
20 260 213 102 55
21 143.5 199 173 91
22 62.5 172 59 38
34 948 189 26 44
35 722 212 154 67
36 459.5 206 139 65
37 464 146 102 51
38 164.5 119 49 29
39 123 141 62 33
61 939 136 46 52
62 832 135 120 50
63 693 123 108 46
64 564 113 92 38
65 416 105 184 71
67 889.5 115 143 46
68 740.5 106 99 39
69 620.5 97 93 37
70 515.5 90 71 36
71 251.5 81 43 24
72 231.5 92 49 23
73 191 80 42 21
