16 935 367 52 89
17 749.5 328 189 125
18 524.5 272 155 80
19 375 235 114 77
20 257 212 102 55
21 142 197 178 91
22 59.5 171 57 38
23 23.5 163 45 35
39 801 277 210 109
40 581 233 136 71
41 435 197 120 61
47 316.5 180 99 52
49 238.5 165 65 41
50 152.5 144 57 33
51 148 131 66 32
61 935.5 135 51 52
62 828.5 132 119 49
63 688.5 119 105 41
64 562 112 90 41
65 416.5 104 185 67
68 866 116 126 45
69 687.5 100 95 38
70 568 91 84 34
71 448 86 60 30
72 296.5 98 61 30
73 322.5 83 41 24
74 230 94 46 28
75 253 83 44 24
76 179.5 90 41 22
77 209.5 75 41 21
