14 917.5 464 87 114
15 60 220 84 46
19 886.5 340 149 119
20 530 278 166 87
21 248 222 228 112
22 107 180 68 43
23 28 163 54 35
39 798.5 274 213 110
40 577.5 229 135 71
41 432 197 122 62
47 313 175 98 48
49 232.5 163 71 41
50 160 147 56 33
53 114.5 146 53 32
54 886.5 194 149 72
55 862.5 229 171 76
56 65.5 137 43 30
57 534.5 180 117 61
63 828.5 129 123 49
64 628 114 102 41
65 457 104 200 71
70 914 110 94 45
71 662 95 98 39
72 313 97 62 30
73 536 91 86 38
74 239.5 92 47 26
75 362 86 56 28
76 186 91 42 23
77 286.5 80 51 28
