6 821.5 473 279 260
7 130.5 301 101 89
8 81.5 228 161 103
16 936.5 367 49 88
17 753.5 328 193 125
18 526.5 271 155 78
19 377.5 237 113 79
20 259 213 102 55
21 143.5 198 175 91
22 61.5 172 59 38
39 762 268 210 102
40 470.5 213 111 61
41 179.5 158 65 42
61 937.5 136 47 52
62 831 134 120 50
63 691.5 121 107 44
64 563.5 113 91 39
65 416.5 105 185 70
67 919 114 84 39
68 791 108 110 39
69 645 99 94 38
70 536 92 80 38
71 333 86 50 28
72 298.5 97 61 29
73 269.5 84 51 24
74 229 95 50 27
75 200.5 80 37 22
