15 283 281 126 74
20 792.5 342 229 109
21 394 267 316 151
22 200.5 201 87 50
23 74 176 70 39
24 18.5 152 35 35
39 797.5 274 213 110
40 577.5 229 135 71
41 431 196 122 62
47 313 174 98 48
49 231 163 72 41
50 161 148 56 33
53 116 147 56 34
54 905 192 112 66
55 876.5 233 169 76
56 67 138 44 31
57 681 197 148 65
58 112.5 112 47 29
64 821.5 130 127 52
65 535 109 228 78
71 907.5 109 107 48
72 352 95 68 27
73 633.5 95 99 42
74 265 93 54 30
75 390 85 56 28
76 203 89 46 23
77 324 81 54 31
79 259.5 79 51 29
