15 777 439 262 139
21 786 372 350 223
22 465 262 150 76
23 251.5 214 107 55
24 143 187 76 49
25 43 190 84 42
26 36 167 70 37
39 797 274 214 111
40 576 227 134 71
41 430 197 122 63
47 311.5 172 97 46
49 228 163 74 41
50 163 149 56 33
53 110 147 56 37
54 904.5 189 113 65
55 877.5 230 167 75
56 70 138 48 33
57 695 199 148 67
58 430.5 140 93 47
59 296 143 72 40
65 890 131 142 99
72 606.5 111 95 41
74 429 100 76 33
75 706 101 98 41
76 309.5 94 61 27
77 443.5 83 67 33
78 203.5 89 47 24
79 344.5 82 59 29
