14 413.5 323 159 90
18 870 355 182 110
19 522 269 142 94
20 270 215 104 56
21 140.5 198 177 93
22 55 170 50 37
23 22.5 162 43 35
39 799 275 212 110
40 578.5 230 135 71
41 432.5 197 121 62
47 314 176 98 49
49 233.5 164 69 41
50 158.5 146 57 33
53 79 144 46 34
54 455 145 90 45
55 408.5 171 105 55
56 63 136 40 28
57 204.5 124 57 29
62 846 129 124 50
63 707.5 121 109 42
64 571 112 90 39
65 418.5 100 185 66
69 879.5 112 119 45
70 725.5 95 105 39
71 584.5 93 81 36
72 296 96 62 30
73 472 93 90 36
74 229.5 92 51 24
75 282 80 44 23
76 180 87 40 24
77 228 76 42 25
