4 531 362 206 111
5 246 265 112 74
6 66 224 130 100
16 937 366 48 87
17 755 329 194 126
18 527.5 271 155 78
19 378.5 238 113 80
20 260 213 102 55
21 143.5 199 173 91
22 62.5 172 59 38
35 906.5 230 109 65
36 556 224 158 71
37 610 161 122 59
38 209.5 119 57 27
39 180.5 146 67 38
61 938 136 46 52
62 832 135 120 50
63 693 122 108 45
64 564 112 92 38
65 416 105 184 71
67 895 114 132 44
68 748 107 104 40
69 625 98 94 38
70 520 90 72 36
71 275 83 48 26
72 246 95 54 26
73 193.5 83 45 23
74 168.5 91 39 24
