14 429 327 162 91
18 876 353 170 106
19 533 270 144 95
20 273 215 104 56
21 142 197 178 92
22 56 170 54 37
23 22.5 163 43 36
39 799 275 212 110
40 578.5 230 135 71
41 432.5 197 121 62
47 314 176 98 49
49 233.5 164 69 41
50 158.5 146 57 33
53 80.5 144 47 34
54 468 145 92 45
55 426 172 108 55
56 63.5 136 41 28
57 211 125 58 30
62 848 130 124 51
63 708.5 121 109 42
64 572 112 90 39
65 417.5 100 185 66
69 881.5 112 119 45
70 728.5 95 105 39
71 586.5 93 81 36
72 296 95 62 30
73 475.5 91 85 36
74 229.5 92 51 24
75 283 79 44 22
76 181 87 40 24
77 228 76 42 25
