14 925.5 467 71 112
15 68.5 222 85 47
19 893.5 340 135 117
20 541.5 280 169 88
21 253.5 224 231 114
22 111.5 181 69 43
23 28.5 164 55 36
39 798.5 274 213 110
40 577.5 229 135 71
41 432 197 122 62
47 313 175 98 48
49 232.5 163 71 41
50 160 147 56 33
53 115 146 54 32
54 890 195 142 72
55 872.5 230 177 76
56 65.5 137 43 30
57 543.5 181 119 61
63 837 130 124 50
64 632.5 115 101 42
65 459 103 200 71
70 921.5 111 79 45
71 668 96 98 39
72 315 97 62 30
73 537 92 86 38
74 240.5 92 47 26
75 362.5 85 55 27
76 186 91 42 23
77 288 81 50 29
79 216.5 79 47 25
