9 754 535 316 162
10 245 346 150 91
16 936.5 367 49 88
17 751.5 328 191 125
18 525.5 272 155 79
19 377 236 114 78
20 258 212 102 55
21 143 198 176 91
22 61 171 58 38
23 25 162 48 33
39 804 281 212 113
40 582 235 136 71
41 435 204 120 68
42 780.5 185 195 117
43 393 159 94 44
44 262 152 76 37
45 173.5 119 51 29
46 98.5 109 35 25
61 937 135 48 52
62 829.5 134 119 50
63 691 120 106 43
64 562.5 113 91 40
65 416.5 105 185 69
67 927 114 68 36
68 812 108 112 38
69 680.5 102 99 38
70 564.5 92 83 35
71 377 87 52 29
72 298.5 96 59 26
73 304 82 58 24
74 233.5 95 49 28
75 228.5 79 39 21
76 184 92 38 24
77 192 79 40 25
