14 43 219 84 48
17 872.5 358 177 141
18 534.5 273 157 78
19 374 234 114 76
20 255.5 211 101 54
21 141.5 198 179 92
22 58 169 56 37
23 22.5 164 43 36
39 799.5 276 211 110
40 579.5 231 135 71
41 433.5 197 121 61
47 315 177 98 50
49 236 164 68 41
50 156.5 146 57 33
52 506 152 104 49
53 69.5 142 43 33
54 149.5 121 47 32
55 98 110 36 20
61 935 134 52 52
62 827 131 118 49
63 688.5 118 105 40
64 561 112 90 41
65 417 103 186 66
68 933.5 117 55 39
69 803.5 109 115 47
70 650 96 100 40
71 501 85 60 31
72 295 96 62 27
73 320 84 48 25
74 228 92 48 26
75 263 81 46 23
76 181.5 89 39 23
77 218.5 78 47 26
