14 930.5 469 61 111
15 73.5 223 85 47
19 898 341 126 116
20 548 281 170 88
21 257.5 226 233 116
22 114.5 182 69 43
23 29 164 56 36
39 798.5 274 213 110
40 577.5 229 135 71
41 432 197 122 62
47 313 175 98 48
49 232.5 163 71 41
50 160 147 56 33
53 115 146 54 32
54 891.5 196 139 72
55 874.5 231 173 76
56 65.5 137 43 30
57 550 181 120 61
63 843 130 126 50
64 636.5 115 99 42
65 460 104 200 72
70 926.5 111 69 45
71 672.5 96 99 39
72 315 96 62 30
73 538.5 92 87 38
74 241.5 92 47 26
75 363.5 86 55 27
76 186 92 42 24
77 290 81 50 29
79 217 79 46 25
