4 371 311 158 89
5 169 241 94 65
6 41 209 80 88
16 937 366 48 87
17 755.5 329 195 126
18 527.5 271 155 78
19 378.5 239 113 81
20 260 213 102 55
21 143.5 199 173 91
22 62.5 172 59 38
34 938.5 191 45 49
35 703.5 210 151 67
36 451.5 204 135 64
37 452 146 100 51
38 161.5 118 49 28
39 120 140 60 33
61 938.5 136 45 52
62 832 135 120 50
63 693 123 108 46
64 564 113 92 38
65 415 105 184 70
67 890 115 142 46
68 740 106 100 39
69 619 97 90 37
70 512.5 90 71 36
71 250.5 81 43 24
72 230.5 93 49 24
73 189.5 80 41 21
