15 778 439 262 139
21 789 372 344 223
22 468 263 150 77
23 253.5 215 107 55
24 144.5 188 77 50
25 43 190 84 42
26 36.5 167 71 37
39 797 274 214 111
40 576 227 134 71
41 430 197 122 63
47 311.5 172 97 46
49 228 163 74 41
50 163 149 56 33
53 110 147 56 37
54 904.5 189 113 65
55 877.5 230 167 75
56 70 138 48 33
57 695 199 148 67
58 434 140 94 47
59 299 143 72 40
65 893 132 136 100
72 610 112 96 42
74 431 100 76 33
75 712.5 102 99 42
76 311 94 62 27
77 446 83 68 33
78 204 89 48 24
79 345.5 81 59 29
