15 793.5 446 267 143
21 828 374 266 215
22 511 276 160 82
23 279 222 114 58
24 161 192 80 55
25 47 188 92 40
26 40.5 169 79 38
39 797 274 214 111
40 576 227 134 71
41 430 197 122 63
47 311.5 172 97 46
49 228 163 74 41
50 164 149 56 33
53 110 148 56 38
54 904 187 114 64
55 878 230 166 75
56 70 138 48 33
57 696.5 198 149 66
58 475.5 143 99 45
59 341.5 146 79 41
65 930.5 132 61 96
72 655.5 117 105 45
74 459 100 74 32
75 797.5 105 109 43
76 329.5 95 67 30
77 470.5 84 71 34
78 211.5 90 51 25
79 361 82 60 32
