14 208.5 260 109 66
18 716.5 316 199 99
19 394.5 238 119 79
20 256.5 213 103 58
21 141 198 180 92
22 58 169 56 37
23 22 164 42 36
39 800 276 212 110
40 578.5 231 135 71
41 432.5 196 121 61
47 315 177 98 50
49 235.5 164 69 41
50 157.5 146 57 33
52 826.5 188 163 63
53 75.5 143 45 33
54 285.5 129 65 35
55 207 135 58 34
56 62 137 40 29
57 118.5 110 39 24
61 940 132 42 46
62 829 129 120 48
63 693 118 104 41
64 561.5 112 89 38
65 418 102 184 67
69 843.5 110 115 43
70 687.5 94 101 38
71 547.5 91 71 36
72 294 96 58 28
73 326.5 85 39 25
74 229.5 93 47 26
75 268 80 46 23
76 180 88 42 23
77 222 75 42 23
