6 616.5 474 661 310
7 33 254 64 67
16 936.5 366 49 87
17 753.5 329 193 126
18 526.5 271 155 78
19 377.5 238 113 80
20 259 213 102 55
21 143 198 174 91
22 61.5 172 59 38
36 941.5 277 39 61
38 915 201 92 59
39 660 241 180 86
40 343.5 189 93 50
41 103 141 50 34
61 937.5 136 47 52
62 831 135 120 50
63 691.5 122 107 45
64 563.5 113 91 39
65 416.5 105 185 70
67 916.5 115 89 39
68 785.5 109 113 43
69 638 102 96 40
70 535 90 80 36
71 323 84 50 29
72 298.5 95 59 26
73 261 83 50 24
74 218 93 48 26
75 184 81 36 24
