9 685 532 296 175
10 217 334 140 87
16 936.5 367 49 88
17 751.5 328 191 125
18 525.5 272 155 79
19 377 236 114 78
20 258 212 102 55
21 143 198 176 91
22 61 171 58 38
23 25 162 48 33
39 804 281 212 113
40 582 235 136 71
41 435 204 120 68
42 730 178 190 112
43 367 156 88 42
44 245.5 148 69 35
45 163 120 48 30
46 96.5 107 33 24
61 937 135 48 52
62 829.5 134 119 50
63 691 120 106 43
64 562.5 113 91 40
65 416.5 104 185 69
67 926.5 114 69 36
68 812 108 112 38
69 680.5 102 99 38
70 562 91 84 35
71 376 87 52 29
72 298.5 96 59 26
73 303 82 58 24
74 233.5 95 49 28
75 228.5 79 39 21
76 184 92 38 24
77 191 79 40 25
