8 773 476 376 273
9 152 301 120 73
10 30.5 236 59 53
16 936.5 367 49 88
17 753 328 192 125
18 525.5 272 155 79
19 376.5 237 113 79
20 258 212 102 55
21 142.5 198 175 91
22 61 172 58 38
23 20.5 160 39 29
39 804.5 280 213 112
40 583 230 134 67
41 412.5 197 115 64
42 336 138 114 74
43 179 128 54 32
44 98 129 40 27
61 937 135 48 52
62 831 134 120 50
63 691.5 120 107 43
64 563.5 113 91 40
65 416.5 105 185 70
67 923 113 76 36
68 805 107 112 38
69 673 102 98 38
70 543.5 93 87 38
71 360 87 50 29
72 299.5 97 59 27
73 297 81 58 23
74 233 94 48 27
75 221 78 38 20
76 183 92 38 24
