7 545 481 214 170
8 421 350 392 196
9 32.5 248 63 59
16 936.5 367 49 88
17 753 328 192 125
18 526.5 272 155 79
19 376.5 237 113 79
20 259 213 102 55
21 143.5 198 175 91
22 61 172 58 38
39 804.5 281 213 112
40 582.5 228 133 66
41 353 190 104 62
42 215.5 123 87 59
43 121.5 115 43 25
61 937 135 48 52
62 831 134 120 50
63 691.5 121 107 44
64 563.5 112 91 39
65 416.5 105 185 70
67 921.5 114 79 38
68 800.5 107 113 38
69 662.5 101 95 38
70 541 91 84 37
71 350.5 88 49 29
72 300.5 96 59 28
73 289.5 82 55 22
74 232 93 48 25
75 215.5 79 39 20
76 179 92 38 24
