12 595.5 488 255 151
13 352 302 142 80
16 936 368 50 89
17 750.5 328 189 125
18 524.5 271 155 79
19 375 235 114 77
20 257 212 102 55
21 142.5 197 177 91
22 59.5 171 57 38
23 24 163 46 34
39 802 278 210 109
40 581 234 136 71
41 436 197 120 60
46 827.5 192 119 66
47 304 179 96 50
48 775 221 164 70
49 181 154 56 34
50 106.5 139 51 28
61 936 135 50 52
62 828.5 132 119 49
63 690 120 106 42
64 562 112 90 40
65 416.5 104 185 68
68 831.5 109 115 37
69 685 101 96 38
70 571 92 84 35
71 422.5 87 57 30
72 298 98 62 29
73 312 84 52 25
74 231.5 95 47 29
75 246.5 82 45 24
76 181.5 90 41 22
77 209.5 77 41 23
