15 509 358 184 107
20 942.5 352 37 76
21 559 316 414 189
22 292 223 106 62
23 138.5 190 81 47
24 50.5 163 61 39
25 17.5 182 33 38
39 797.5 274 213 111
40 577.5 228 135 71
41 430 196 122 62
47 311.5 173 97 47
49 229.5 163 73 41
50 162 148 56 33
53 113 147 56 35
54 904.5 190 113 65
55 877 231 168 75
56 68 138 46 32
57 694.5 201 147 69
58 217 118 58 32
59 120 114 40 26
65 683 121 278 90
72 428.5 99 77 32
73 879.5 110 121 52
74 304 94 56 30
75 437.5 85 71 28
76 231.5 91 49 26
77 348 83 58 32
78 172 86 44 23
79 282 79 50 28
