4 283.5 281 135 74
5 123.5 227 85 58
6 26 198 50 77
16 937 365 48 87
17 755.5 329 195 126
18 527.5 271 155 78
19 378.5 239 113 81
20 260 213 102 55
21 143.5 199 173 91
22 62.5 172 59 38
34 843.5 193 141 69
35 569.5 190 129 60
36 378.5 190 117 54
37 360 137 86 45
38 136 114 46 24
39 94.5 127 43 27
61 938.5 136 45 52
62 832 135 120 50
63 693 123 108 46
64 564 113 92 38
65 403 105 180 68
67 880 113 122 43
68 735.5 105 101 38
69 614.5 96 89 36
70 502 87 74 33
71 237 80 42 22
72 218.5 94 49 26
73 188.5 78 39 21
