15 692.5 416 239 129
21 713 362 496 226
22 377.5 243 127 68
23 192 202 94 50
24 99 175 68 45
25 34.5 187 67 38
26 22.5 166 43 36
39 797 274 214 111
40 576.5 228 135 71
41 430 197 122 63
47 311.5 173 97 47
49 228.5 163 73 41
50 163 149 56 33
53 112 147 56 36
54 904.5 189 113 65
55 877.5 231 167 75
56 69.5 139 47 33
57 695 200 148 68
58 329.5 130 77 40
59 202.5 130 49 36
65 815 130 292 99
72 520 105 88 38
74 367.5 96 65 32
75 557.5 90 73 33
76 269 94 58 29
77 393.5 81 61 29
78 188 90 48 28
79 309 78 54 24
