14 295.5 286 129 76
18 795.5 335 215 106
19 439 248 128 83
20 259.5 212 101 56
21 141 198 180 92
22 57.5 169 55 37
23 22 164 42 36
39 799 276 212 110
40 578.5 230 135 71
41 432.5 197 121 62
47 314 176 98 49
49 234.5 164 69 41
50 157.5 146 57 33
52 913 196 96 62
53 77 143 46 33
54 361 136 72 40
55 286.5 148 75 38
56 63 137 40 28
57 151 118 50 29
62 832.5 129 121 48
63 698 119 106 41
64 563.5 112 89 39
65 418 99 184 66
69 860.5 111 117 44
70 705.5 94 103 38
71 565 92 76 36
72 294.5 97 59 29
73 363 86 52 26
74 228.5 92 47 25
75 272.5 79 45 23
76 179 89 42 24
77 225 75 42 24
