6 620.5 475 655 310
7 34.5 255 67 68
16 936.5 366 49 87
17 753.5 329 193 126
18 526.5 271 155 78
19 377.5 238 113 80
20 259 213 102 55
21 143 198 174 91
22 61.5 172 59 38
36 942.5 275 37 59
38 920.5 202 81 58
39 664.5 242 181 87
40 346.5 190 93 50
41 105 142 50 34
61 937.5 136 47 52
62 831 135 120 50
63 691.5 122 107 45
64 563.5 113 91 39
65 416.5 105 185 70
67 917 115 88 39
68 786.5 109 113 43
69 638.5 101 97 40
70 535 90 80 36
71 324 84 50 29
72 298.5 95 59 26
73 261 83 50 24
74 218 93 48 26
75 185 81 36 24
