15 86 226 88 49
19 907.5 341 107 113
20 563.5 286 173 90
21 264.5 229 237 118
22 120 182 70 42
23 30 165 58 37
39 798.5 274 213 110
40 577.5 229 135 71
41 432 197 122 62
47 313 175 98 48
49 231.5 163 71 41
50 160 147 56 33
53 115 146 54 32
54 895 195 132 71
55 878.5 233 165 77
56 65.5 137 43 30
57 562.5 180 123 60
63 854.5 132 129 52
64 643 115 96 42
65 462 106 200 75
70 937 113 48 45
71 682 97 100 39
72 317.5 96 63 30
73 540 91 88 37
74 243.5 92 47 26
75 364.5 85 55 26
76 187 91 42 24
77 293 80 50 29
79 219 79 46 25
