15 728 425 248 133
21 730.5 374 461 236
22 397.5 249 135 71
23 209.5 205 97 52
24 111.5 180 71 48
25 36.5 187 71 38
26 28 166 54 36
39 797 274 214 111
40 576.5 228 135 71
41 430 197 122 63
47 311.5 173 97 47
49 228.5 163 73 41
50 163 149 56 33
53 111 148 56 37
54 904.5 189 113 65
55 877.5 231 167 75
56 69.5 138 47 33
57 695 199 148 67
58 357 136 80 44
59 227.5 132 57 34
65 833.5 131 255 99
72 543 107 94 37
74 385 99 68 33
75 593 95 82 38
76 278.5 93 59 29
77 406.5 83 67 33
78 191 89 48 27
79 316 79 58 28
