7 293.5 373 145 119
8 216.5 284 259 145
16 936.5 367 49 88
17 753 328 192 125
18 526.5 272 155 79
19 376.5 237 113 79
20 259 213 102 55
21 143.5 198 175 91
22 61 172 58 38
39 802.5 277 211 105
40 549.5 225 127 66
41 285.5 173 91 48
42 158.5 117 71 52
61 937.5 136 47 52
62 831 134 120 50
63 691.5 121 107 44
64 563.5 112 91 39
65 416.5 105 185 70
67 920.5 114 81 39
68 797.5 107 113 38
69 654.5 100 93 38
70 538.5 91 81 37
71 343 88 48 29
72 301 97 60 30
73 284.5 82 53 21
74 230.5 91 47 23
75 211 80 40 20
76 175 92 38 24
