16 937 364 48 87
17 749 328 188 125
18 524 272 156 80
19 374 234 114 76
20 255.5 212 101 55
21 142.5 197 179 91
22 59 171 56 38
23 23 163 44 35
39 801.5 276 211 109
40 580 232 136 71
41 434.5 197 121 61
47 316.5 179 99 51
49 238 164 66 41
50 154.5 145 57 33
51 333.5 149 85 38
52 121.5 112 47 22
61 935.5 134 51 52
62 828.5 132 119 49
63 688.5 118 105 40
64 562 112 90 41
65 416.5 104 185 67
68 905 116 112 45
69 707.5 103 105 41
70 574 92 84 37
71 463 86 62 30
72 294 96 60 28
73 325 89 50 29
74 228.5 91 49 24
75 260 81 42 21
76 179 89 42 23
77 215 77 44 23
