10 538 482 256 148
11 88.5 271 89 63
16 936.5 368 49 89
17 751.5 328 191 125
18 525.5 271 155 79
19 376 236 114 78
20 258 212 102 55
21 143 198 176 91
22 61 171 58 38
23 24.5 162 47 33
39 803 279 210 110
40 582 235 136 71
41 437 197 120 60
43 700.5 201 153 64
44 442 170 102 49
45 276.5 128 63 34
46 136 114 42 26
47 102 138 44 28
48 85.5 117 37 21
61 936.5 135 49 52
62 829.5 134 119 50
63 690 120 106 43
64 562.5 113 91 40
65 416.5 105 185 69
67 929.5 115 63 37
68 816 108 112 38
69 681 102 98 38
70 568.5 92 83 35
71 386.5 87 53 29
72 299 97 60 27
73 305.5 82 57 24
74 233 95 48 28
75 233 80 40 22
76 183.5 92 39 24
77 195 79 40 25
