15 450 338 172 99
20 906.5 358 109 96
21 513.5 303 387 177
22 264.5 216 101 58
23 121 186 78 42
24 32.5 162 63 38
39 797.5 273 213 110
40 577.5 228 135 71
41 431 196 122 62
47 312.5 173 97 47
49 230 163 72 41
50 162 148 56 33
53 114 147 56 35
54 905 191 112 66
55 876.5 231 169 75
56 67.5 138 45 32
57 694.5 201 147 69
58 185 118 60 33
59 101 110 38 25
65 640 116 268 87
72 401.5 97 73 30
73 794.5 104 119 48
74 291 93 56 29
75 419 83 64 26
76 220.5 91 47 25
77 340 81 58 30
78 167.5 88 45 26
79 276.5 77 49 26
