10 656.5 525 301 160
11 124.5 289 99 70
12 19 214 36 51
16 936.5 368 49 89
17 751.5 328 191 125
18 525.5 271 155 79
19 376 236 114 78
20 258 212 102 55
21 142 198 176 91
22 61 171 58 38
23 24.5 162 47 33
39 803 279 210 110
40 582 235 136 71
41 437 197 120 60
43 830 223 170 74
44 513 183 114 56
45 315.5 132 65 36
46 151 117 46 29
47 124 141 50 29
48 99.5 118 37 21
61 936.5 135 49 52
62 829.5 133 119 49
63 690 120 106 43
64 562.5 113 91 40
65 416.5 105 185 69
67 931 115 62 37
68 817 108 112 38
69 681 101 98 38
70 569 92 84 35
71 389.5 87 53 29
72 299 97 60 27
73 306.5 82 57 24
74 233 95 48 28
75 233 80 40 22
76 183.5 92 39 24
77 196 79 40 25
