15 427.5 331 165 96
20 893 356 136 98
21 497 299 376 174
22 255.5 216 101 58
23 114.5 186 77 42
24 30 162 58 38
39 797.5 274 213 110
40 577.5 228 135 71
41 431 196 122 62
47 312.5 173 97 47
49 230 163 72 41
50 162 148 56 33
53 114 147 56 35
54 905 191 112 66
55 876.5 231 169 75
56 67.5 138 45 32
57 694 201 148 69
58 174.5 116 59 32
64 931.5 135 59 48
65 626 115 266 85
72 392.5 97 73 31
73 769.5 103 109 47
74 286 93 56 29
75 414 83 58 26
76 218.5 91 47 25
77 338 81 58 31
78 167 89 44 26
79 273.5 76 47 25
