14 59 220 86 47
17 881.5 353 159 132
18 547 277 160 82
19 373.5 235 113 77
20 255.5 211 101 54
21 142 198 180 92
22 58 169 56 37
23 22.5 164 43 36
39 799.5 276 211 110
40 578.5 231 135 71
41 433.5 197 121 61
47 315 177 98 50
49 236 164 68 41
50 156.5 146 57 33
52 538.5 155 111 50
53 70.5 142 43 33
54 160.5 119 49 30
55 106 112 38 22
61 935 134 52 52
62 827 131 118 49
63 688.5 118 105 40
64 561 111 90 41
65 417 103 186 66
68 933.5 117 55 39
69 808 110 114 48
70 655.5 96 101 40
71 507.5 84 57 31
72 295 96 62 27
73 319.5 84 47 25
74 228 93 48 27
75 263.5 81 47 23
76 181 88 38 22
77 218.5 79 47 27
