14 592.5 379 209 110
18 934 353 54 82
19 637.5 295 159 107
20 318 225 114 62
21 156 201 182 93
22 57.5 169 57 36
23 21 162 40 34
39 799 275 212 110
40 578.5 230 135 71
41 432.5 197 121 62
47 314 176 98 49
49 233 164 70 41
50 158 147 56 33
53 87 144 48 33
54 593.5 156 109 51
55 582 184 128 53
56 63.5 137 41 29
57 283.5 141 71 42
62 878.5 133 131 53
63 723 122 108 45
64 582.5 113 91 40
65 426 102 188 71
69 922 113 78 43
70 751 100 108 43
71 607.5 93 87 35
72 296.5 97 61 31
73 504 90 68 39
74 229 92 52 26
75 307 82 44 23
76 182 89 40 24
77 238 80 46 29
