14 318.5 292 137 77
18 813.5 341 219 109
19 453 253 130 86
20 259.5 212 101 56
21 141 198 180 92
22 57.5 169 55 37
23 22 164 42 36
39 799 275 212 110
40 578.5 230 135 71
41 432.5 197 121 62
47 314 176 98 49
49 234.5 164 69 41
50 157.5 146 57 33
52 924.5 195 73 58
53 78 143 46 33
54 379 137 76 41
55 309 153 78 42
56 63 137 40 28
57 161 119 52 29
62 836 128 122 48
63 699.5 119 107 41
64 565.5 112 89 39
65 418 99 184 66
69 864.5 111 117 44
70 709.5 95 103 39
71 569.5 92 77 36
72 295 96 60 29
73 385.5 89 61 29
74 229 93 48 25
75 274 79 44 23
76 180 88 42 24
77 225 75 42 24
