14 743.5 427 245 133
19 724.5 313 179 116
20 375 239 128 68
21 180 206 196 98
22 66 169 62 36
23 24 163 46 33
39 799 275 212 110
40 578.5 230 135 71
41 432 197 122 62
47 314 176 98 49
49 233 164 70 41
50 159 147 56 33
53 103.5 145 51 32
54 708 167 122 55
55 692 203 148 65
56 65 137 42 29
57 361 149 82 43
62 910.5 133 101 47
63 744 123 110 46
64 594 113 94 40
65 434 103 192 72
70 788 105 114 46
71 624 94 90 37
72 298.5 94 59 27
73 518 91 70 40
74 228.5 92 47 26
75 328.5 84 41 26
76 180 88 38 22
77 249 81 50 28
