15 784 442 264 141
21 803.5 374 315 222
22 483 269 152 80
23 262.5 217 107 55
24 150.5 188 79 51
25 45 190 88 42
26 38.5 168 75 37
39 797 274 214 111
40 576 227 134 71
41 430 197 122 63
47 311.5 172 97 46
49 228 163 74 41
50 163 149 56 33
53 110 147 56 37
54 904.5 189 113 65
55 878 230 166 75
56 70 138 48 33
57 695.5 199 149 67
58 449 139 96 44
59 315 142 74 39
65 906.5 132 109 101
72 626.5 114 99 44
74 442 100 74 32
75 743 103 102 44
76 318 95 64 29
77 455.5 81 69 32
78 206.5 90 51 24
79 350.5 81 59 31
