14 909.5 461 103 116
15 46.5 219 91 46
19 879.5 342 163 122
20 518 275 162 84
21 243 220 226 110
22 103.5 179 69 42
23 28 163 54 35
39 798.5 274 213 110
40 577.5 229 135 71
41 432 197 122 62
47 313 175 98 48
49 232.5 163 71 41
50 160 147 56 33
53 114.5 146 53 32
54 875 192 142 70
55 854.5 228 171 76
56 65.5 137 43 30
57 523 178 114 59
63 820.5 127 123 48
64 624.5 114 101 41
65 455.5 104 199 72
70 908 110 106 46
71 659.5 96 97 40
72 311.5 97 61 30
73 534.5 92 85 39
74 238.5 91 47 26
75 361 86 56 29
76 185 90 42 22
77 284.5 80 51 28
