15 514 359 186 107
20 945 351 32 74
21 563 317 416 190
22 293 225 106 63
23 139.5 190 81 47
24 51.5 163 61 39
25 18 182 34 38
39 797.5 274 213 111
40 577.5 228 135 71
41 430 196 122 62
47 311.5 173 97 47
49 229.5 163 73 41
50 162 148 56 33
53 113 147 56 35
54 904.5 190 113 65
55 877 231 168 75
56 69 138 46 32
57 694.5 201 147 69
58 220 118 58 32
59 122 114 40 26
65 686.5 121 279 90
72 430.5 99 77 33
73 887 112 120 53
74 305 95 56 31
75 439 86 70 29
76 231.5 91 49 26
77 348 83 58 33
78 173 87 44 23
79 283 79 50 28
