8 918.5 472 85 215
9 241.5 341 151 89
10 55 254 80 58
16 936.5 367 49 88
17 753 328 192 125
18 525.5 272 155 79
19 376.5 237 113 79
20 258 212 102 55
21 143 198 176 91
22 61 172 58 38
23 24 161 46 31
39 804.5 280 213 112
40 583 231 134 68
41 427 198 122 64
42 407.5 142 125 77
43 208 135 64 36
44 118 135 44 26
61 937 135 48 52
62 830 134 120 50
63 691 120 106 43
64 563.5 113 91 40
65 416.5 104 185 69
67 923.5 113 75 35
68 806.5 107 111 38
69 676.5 102 99 38
70 544 93 88 38
71 364 87 50 29
72 299.5 96 59 26
73 300.5 81 59 23
74 233.5 94 49 27
75 224 78 38 20
76 184.5 92 37 24
