6 576 454 644 294
7 28 251 54 65
16 936.5 366 49 87
17 753.5 329 193 126
18 526.5 271 155 78
19 377.5 238 113 80
20 259 213 102 55
21 143 198 174 91
22 61.5 172 59 38
36 936.5 285 49 71
38 886 200 150 66
39 640 233 178 78
40 324.5 188 91 50
41 93 135 48 32
61 937.5 136 47 52
62 831 135 120 50
63 691.5 122 107 45
64 563.5 113 91 39
65 416.5 106 185 71
67 916 115 90 39
68 786.5 110 115 44
69 638 101 96 39
70 534.5 88 79 35
71 323 84 50 30
72 298.5 96 59 27
73 260 83 50 24
74 216 93 48 26
75 181.5 81 35 23
