15 457.5 341 173 100
20 912 359 98 96
21 519.5 305 391 179
22 267.5 216 101 57
23 123.5 187 79 42
24 33.5 162 65 38
39 797.5 274 213 111
40 577.5 228 135 71
41 431 196 122 62
47 312.5 173 97 47
49 230 163 72 41
50 162 148 56 33
53 114 147 56 35
54 905 191 112 66
55 877.5 231 169 75
56 67.5 138 45 32
57 694.5 201 147 69
58 190 119 60 33
59 103.5 110 39 24
65 646 117 268 88
72 404.5 97 73 30
73 804 105 122 48
74 292 93 56 29
75 420 83 66 26
76 222 91 48 25
77 341 81 58 30
78 168.5 88 45 26
79 277.5 77 49 26
