15 709 421 242 132
21 721 367 480 230
22 386 245 130 69
23 200 204 96 51
24 104.5 178 69 47
25 35.5 187 69 38
26 25 166 48 36
39 797 274 214 111
40 576.5 228 135 71
41 430 197 122 63
47 311.5 173 97 47
49 228.5 163 73 41
50 163 149 56 33
53 111 148 56 37
54 904.5 189 113 65
55 877.5 231 167 75
56 69.5 138 47 33
57 695 199 148 67
58 342 133 78 42
59 213 131 52 36
65 823.5 130 275 99
72 530 106 90 38
74 375 97 66 32
75 573.5 92 77 35
76 273.5 94 59 29
77 400 81 64 30
78 189 89 48 27
79 312 78 56 25
