14 403.5 319 157 89
18 865.5 356 191 113
19 514.5 267 141 93
20 267 214 104 55
21 139.5 198 177 93
22 55 169 48 36
23 22.5 162 43 35
39 799 275 212 110
40 578.5 230 135 71
41 432.5 197 121 62
47 314 176 98 49
49 233.5 164 69 41
50 158.5 146 57 33
53 79 144 46 34
54 446 144 88 45
55 397.5 170 103 55
56 63 136 40 28
57 200 123 56 28
62 845 129 124 50
63 707.5 121 109 42
64 570 112 90 39
65 418.5 100 185 66
69 877.5 112 119 45
70 724.5 95 105 39
71 583 93 80 36
72 296 96 62 30
73 468.5 94 93 36
74 229.5 92 51 24
75 281 80 44 23
76 180 87 40 24
77 228 76 42 25
