12 272 355 154 102
13 162.5 244 93 59
16 936 368 50 89
17 751 328 190 125
18 524.5 271 155 79
19 376 236 114 78
20 257 212 102 55
21 142.5 197 177 91
22 59.5 171 57 38
23 24 163 46 34
39 802.5 278 209 109
40 581 234 136 71
41 436 197 120 60
46 467.5 147 85 45
47 282 174 88 47
48 400 162 96 44
49 152.5 147 51 36
50 76 120 30 27
61 936 135 50 52
62 829.5 132 119 49
63 690 119 106 42
64 562 112 90 40
65 416.5 104 185 68
67 937.5 117 47 39
68 827 110 114 38
69 683.5 101 97 38
70 572 93 84 35
71 413 87 56 30
72 297.5 98 61 29
73 310 83 54 25
74 231.5 95 47 29
75 243 82 44 24
76 182.5 91 41 23
77 205 78 40 24
