14 447.5 333 167 93
18 882.5 350 157 101
19 544.5 272 147 96
20 276 215 104 56
21 143 197 178 92
22 56.5 170 57 38
23 22.5 163 43 36
39 799 275 212 110
40 578.5 230 135 71
41 432.5 197 121 62
47 314 176 98 49
49 233.5 164 69 41
50 158.5 146 57 33
53 80.5 144 47 34
54 482 146 94 45
55 442 173 110 55
56 63.5 136 41 28
57 217 127 58 31
62 849.5 130 125 51
63 710 121 110 42
64 572 112 90 39
65 417.5 100 185 66
69 883.5 113 119 46
70 730.5 96 105 39
71 589 92 82 35
72 297.5 95 63 30
73 479 89 80 36
74 230 92 52 24
75 285 79 44 22
76 181 87 40 24
77 229.5 76 43 25
