6 613 473 668 310
7 32 253 62 66
16 936.5 366 49 87
17 753.5 329 193 126
18 526.5 271 155 78
19 377.5 238 113 80
20 259 213 102 55
21 143 198 174 91
22 61.5 172 59 38
36 940.5 279 41 63
38 909 202 104 61
39 656 239 180 84
40 339 189 92 50
41 100.5 139 49 33
61 937.5 136 47 52
62 831 135 120 50
63 691.5 122 107 45
64 563.5 113 91 39
65 416.5 105 185 70
67 916.5 115 89 39
68 786 109 114 43
69 638 102 96 40
70 534.5 89 79 36
71 323 84 50 29
72 298.5 95 59 26
73 261 83 50 24
74 217 93 48 26
75 184 81 36 24
