14 912 461 98 115
15 53.5 220 83 46
19 882 342 158 121
20 523 276 164 85
21 244.5 221 227 111
22 105.5 180 69 43
23 28 163 54 35
39 798.5 274 213 110
40 577.5 229 135 71
41 432 197 122 62
47 313 175 98 48
49 232.5 163 71 41
50 160 147 56 33
53 114.5 146 53 32
54 877.5 193 141 71
55 856.5 228 171 76
56 65.5 137 43 30
57 526.5 179 115 60
63 822.5 127 123 48
64 625.5 114 101 41
65 455.5 103 199 71
70 910 109 102 45
71 660.5 96 97 40
72 311.5 97 61 30
73 534.5 92 85 39
74 238.5 91 47 26
75 361 86 56 28
76 185 90 42 22
77 284.5 80 51 28
