10 848.5 541 225 110
11 214.5 330 129 86
12 34 234 66 54
16 936 368 50 89
17 751.5 328 191 125
18 525.5 271 155 79
19 376 236 114 78
20 258 212 102 55
21 142.5 198 177 91
22 60 171 58 38
23 24.5 163 47 34
39 803.5 279 209 109
40 582 235 136 71
41 437 197 120 60
44 690 205 140 63
45 408 142 82 43
46 189 119 48 27
47 172.5 150 53 31
48 134.5 125 37 23
61 936.5 135 49 52
62 829.5 133 119 49
63 690 119 106 42
64 562.5 112 91 40
65 416.5 105 185 69
67 931.5 115 59 37
68 819.5 109 113 38
69 682 101 98 38
70 570 93 84 35
71 395 87 54 29
72 298 97 60 27
73 307 82 56 24
74 233 94 48 28
75 235.5 80 41 22
76 183.5 91 39 23
77 198 78 40 24
