14 904 458 114 117
15 43.5 219 85 46
19 874.5 343 173 124
20 511 273 160 83
21 239 219 224 109
22 100.5 179 69 42
23 28 161 54 34
39 798.5 274 213 110
40 577.5 229 135 71
41 432 197 122 62
47 314 175 98 48
49 232.5 163 71 41
50 159 147 56 33
53 114.5 146 53 32
54 870 190 144 69
55 848 227 170 76
56 65.5 137 43 30
57 515.5 176 113 58
63 814.5 127 123 48
64 622 114 100 41
65 454 104 198 72
70 904 109 114 46
71 657 96 96 41
72 310.5 97 61 30
73 533 92 84 39
74 237.5 91 47 26
75 360 86 56 29
76 185 90 42 22
77 282.5 79 51 27
