7 240 350 130 110
8 172 265 232 129
16 936.5 367 49 88
17 753.5 328 193 125
18 526.5 271 155 78
19 376.5 237 113 79
20 259 213 102 55
21 143.5 198 175 91
22 61 172 58 38
39 799.5 282 211 112
40 533 220 130 63
41 263 174 92 51
42 143 119 70 54
61 937.5 136 47 52
62 831 134 120 50
63 691.5 121 107 44
64 563.5 113 91 39
65 416.5 105 185 70
67 920 115 82 40
68 797 107 114 38
69 652.5 99 93 37
70 538 91 80 37
71 340.5 87 49 29
72 300 97 60 30
73 280.5 83 53 22
74 230 93 48 24
75 208.5 80 39 21
76 169.5 92 37 23
