14 193.5 255 105 64
18 702 312 196 95
19 389 237 114 78
20 256.5 213 103 58
21 141 198 180 92
22 58 169 56 37
23 22 164 42 36
39 800 276 212 110
40 578.5 231 135 71
41 432.5 196 121 61
47 315 177 98 50
49 235.5 164 69 41
50 157.5 146 57 33
52 801 185 160 60
53 74.5 143 45 33
54 273.5 127 63 34
55 193.5 134 59 34
56 62 137 40 30
57 113.5 110 39 24
61 938.5 132 45 47
62 829 129 120 48
63 692 118 104 41
64 560.5 112 89 38
65 418 102 184 67
69 841.5 109 115 42
70 684.5 94 101 38
71 545 91 70 36
72 294 96 58 28
73 325.5 85 39 25
74 230 93 48 26
75 268 80 46 23
76 180 88 42 22
77 222 75 42 22
