11 570 481 242 145
12 136 288 106 70
13 64 217 80 45
16 936 368 50 89
17 751 328 190 125
18 524.5 271 155 79
19 376 236 114 78
20 258 212 102 55
21 142.5 198 177 91
22 59.5 171 57 38
23 24 163 46 34
39 802.5 278 209 109
40 581 234 136 71
41 437 197 120 60
45 733 182 124 62
46 313 133 64 37
47 248.5 171 77 49
48 258.5 142 65 36
49 109 133 38 30
61 936.5 135 49 52
62 829.5 132 119 49
63 690 119 106 42
64 562 112 90 40
65 416.5 104 185 68
67 935 116 52 38
68 823.5 109 113 38
69 682.5 101 97 38
70 572 94 84 35
71 405.5 87 55 30
72 298.5 97 61 28
73 308.5 83 55 25
74 232.5 95 47 29
75 240 81 42 23
76 183 91 40 23
77 202 78 40 24
