10 903 541 116 75
11 264 352 148 96
12 42.5 244 83 58
16 936 368 50 89
17 751 328 190 125
18 525.5 271 155 79
19 376 236 114 78
20 258 212 102 55
21 142.5 198 177 91
22 59.5 171 57 38
23 24.5 163 47 34
39 803.5 278 209 109
40 582 235 136 71
41 437 197 120 60
44 785 220 158 72
45 454.5 147 89 45
46 208.5 121 51 29
47 193 155 52 34
48 157 129 42 26
61 936.5 135 49 52
62 829.5 133 119 49
63 690 119 106 42
64 562.5 112 91 40
65 416.5 105 185 69
67 932.5 115 57 37
68 820.5 109 113 38
69 682 101 98 38
70 571 93 84 35
71 397 87 54 30
72 298 98 60 28
73 307 82 56 24
74 233 95 48 29
75 236.5 81 41 23
76 182.5 91 39 23
77 199 78 40 24
