14 204 259 108 66
18 712 315 198 98
19 394 238 118 79
20 256.5 213 103 58
21 141 198 180 92
22 58 169 56 37
23 22 164 42 36
39 800 276 212 110
40 578.5 231 135 71
41 432.5 196 121 61
47 315 177 98 50
49 235.5 164 69 41
50 157.5 146 57 33
52 820 188 162 63
53 75.5 143 45 33
54 282.5 129 65 35
55 203 135 58 34
56 62 137 40 29
57 116.5 110 39 24
61 940 132 42 46
62 829 129 120 48
63 692 118 104 41
64 560.5 112 89 38
65 418 102 184 67
69 843.5 109 115 42
70 686.5 94 101 38
71 547.5 91 71 36
72 294 96 58 28
73 326.5 85 39 25
74 230 93 48 26
75 268 80 46 23
76 180 88 42 23
77 222 75 42 23
