14 534.5 361 195 101
18 915 350 92 90
19 602.5 284 155 101
20 301.5 222 109 61
21 151 198 182 92
22 56.5 170 57 38
23 21 161 40 34
39 799 275 212 110
40 578.5 230 135 71
41 432.5 197 121 62
47 314 176 98 49
49 234 164 70 41
50 158 147 56 33
53 81.5 144 47 34
54 548 151 102 47
55 529 180 118 53
56 63.5 137 41 29
57 256 136 68 39
62 867 132 128 52
63 717.5 122 109 44
64 578.5 113 91 40
65 422.5 101 187 69
69 910.5 113 101 44
70 743.5 99 107 42
71 600.5 93 85 35
72 296.5 96 61 30
73 495 90 72 38
74 229 92 52 25
75 298 82 44 23
76 182 88 40 24
77 234 78 44 27
