15 445 336 170 98
20 903.5 358 115 97
21 510.5 302 385 177
22 262.5 216 101 58
23 120 186 78 42
24 32 162 62 38
39 797.5 273 213 110
40 577.5 228 135 71
41 431 196 122 62
47 312.5 173 97 47
49 230 163 72 41
50 162 148 56 33
53 114 147 56 35
54 905 191 112 66
55 876.5 231 169 75
56 67.5 138 45 32
57 694.5 201 147 69
58 183 118 60 33
59 99.5 110 37 25
65 637 117 268 87
72 399.5 97 73 30
73 789.5 104 117 48
74 290 93 56 29
75 418 83 62 26
76 220.5 91 47 25
77 340 82 58 31
78 167.5 88 45 26
79 276 76 48 25
