14 928 469 66 112
15 70.5 223 85 47
19 896 340 130 116
20 544.5 281 169 88
21 255 225 232 115
22 113.5 182 69 43
23 29 164 56 36
39 798.5 274 213 110
40 577.5 229 135 71
41 432 197 122 62
47 313 175 98 48
49 232.5 163 71 41
50 160 147 56 33
53 115 146 54 32
54 890.5 195 141 72
55 873.5 231 175 76
56 65.5 137 43 30
57 547 181 120 61
63 839.5 130 125 50
64 635 115 100 42
65 459 104 200 72
70 924 111 74 45
71 670.5 96 99 39
72 315 97 62 30
73 537.5 92 87 38
74 241.5 92 47 26
75 363.5 86 55 27
76 186 91 42 23
77 289 81 50 29
79 217.5 79 47 25
