10 383 414 200 120
11 42 251 82 57
16 936.5 368 49 89
17 751.5 328 191 125
18 525.5 272 155 79
19 376 236 114 78
20 258 212 102 55
21 143 198 176 91
22 61 171 58 38
23 24.5 162 47 33
39 803.5 280 211 112
40 582 235 136 71
41 436.5 198 119 60
43 533 178 120 53
44 347 161 88 43
45 223.5 124 57 31
46 116 112 38 25
47 79.5 132 35 28
61 936.5 135 49 52
62 829.5 134 119 50
63 690 120 106 43
64 562.5 113 91 40
65 416.5 105 185 69
67 928.5 114 65 36
68 814 108 112 38
69 680 102 98 38
70 567.5 92 83 35
71 382.5 87 53 29
72 299 97 60 27
73 305 82 58 24
74 233 95 48 28
75 230.5 79 39 21
76 184 92 38 24
77 194 79 40 25
