9 485.5 452 231 139
10 142 299 112 75
16 936.5 367 49 88
17 752.5 328 191 125
18 525.5 272 155 79
19 377 237 114 79
20 258 212 102 55
21 143 198 176 91
22 61 172 58 38
23 25 162 48 33
39 804 281 212 113
40 583 234 136 70
41 436 200 118 63
42 584 160 166 98
43 294.5 148 71 39
44 198 141 52 30
45 132.5 114 43 27
61 937 135 48 52
62 829.5 134 119 50
63 691 120 106 43
64 563.5 113 91 40
65 416.5 104 185 69
67 925 114 72 36
68 809.5 108 111 38
69 679.5 102 99 38
70 551 93 86 37
71 371.5 87 51 29
72 299.5 96 59 26
73 302.5 82 59 24
74 233.5 95 49 28
75 227 79 38 21
76 185 92 38 24
77 190 79 40 25
