14 393.5 316 155 88
18 861.5 354 199 112
19 507.5 265 139 92
20 266 215 104 56
21 140 198 178 93
22 55.5 169 49 36
23 22 162 42 35
39 799 275 212 110
40 578.5 230 135 71
41 432.5 197 121 62
47 314 176 98 49
49 233.5 164 69 41
50 158.5 146 57 33
53 79 144 46 34
54 439 143 88 44
55 386.5 167 99 53
56 63 136 40 28
57 195 123 56 28
62 844.5 130 123 50
63 706.5 121 109 42
64 570 112 90 39
65 418.5 100 185 66
69 876 112 118 45
70 722.5 95 105 39
71 581 93 80 36
72 296 95 62 29
73 459.5 93 89 35
74 229 92 50 24
75 281 80 44 23
76 180 88 40 24
77 227 76 42 25
