17 772.5 329 191 125
18 524 272 156 80
19 374 234 114 76
20 255.5 211 101 54
21 141.5 198 179 92
22 58 170 56 37
23 22.5 163 43 35
39 800.5 277 211 110
40 580 231 136 71
41 433.5 197 121 61
47 315.5 178 99 51
49 236.5 164 67 41
50 155.5 145 57 33
51 726 201 146 63
52 308.5 132 77 35
53 65.5 141 41 32
61 935 134 52 52
62 827 131 118 49
63 688.5 118 105 40
64 561 112 90 41
65 416.5 103 185 66
68 930.5 115 61 37
69 772 106 118 43
70 613 95 94 39
71 480 87 64 31
72 293.5 97 61 28
73 322.5 86 51 27
74 228 92 48 26
75 262.5 80 43 22
76 180.5 89 41 23
77 217 78 46 25
