14 419 324 160 90
18 872 354 178 109
19 525.5 269 143 94
20 271 215 104 56
21 140.5 197 177 92
22 55.5 170 51 37
23 22.5 162 43 35
39 799 275 212 110
40 578.5 230 135 71
41 432.5 197 121 62
47 314 176 98 49
49 233.5 164 69 41
50 158.5 146 57 33
53 80.5 144 47 34
54 459 145 90 45
55 414 171 106 55
56 63 136 40 28
57 206.5 124 57 29
62 847 129 124 50
63 708.5 121 109 42
64 571 112 90 39
65 418.5 100 185 66
69 880.5 112 119 45
70 726.5 95 105 39
71 585.5 93 81 36
72 296 96 62 30
73 473 92 88 36
74 229.5 92 51 24
75 283 80 44 23
76 181 87 40 24
77 228 76 42 25
