14 837.5 460 247 141
19 788.5 326 181 123
20 426 251 140 75
21 202 212 208 102
22 78 171 68 39
23 26 162 50 35
39 798.5 275 213 110
40 578.5 229 135 71
41 432 197 122 62
47 314 176 98 49
49 232 164 70 41
50 159 147 56 33
53 115 145 52 31
54 783 178 134 62
55 756.5 206 159 64
56 65 137 42 29
57 423.5 161 99 50
62 932.5 131 57 40
63 763 124 112 47
64 604 114 96 40
65 441.5 104 197 72
70 823 107 120 47
71 637 96 92 40
72 302 95 60 28
73 524 92 76 40
74 231.5 91 49 26
75 339.5 84 43 26
76 182.5 88 39 23
77 260.5 81 51 28
