14 373.5 310 151 86
18 854 350 214 111
19 494 261 136 90
20 263.5 214 103 56
21 140.5 197 179 92
22 56 170 52 37
23 22 164 42 36
39 799 275 212 110
40 578.5 230 135 71
41 432.5 197 121 62
47 314 176 98 49
49 234.5 164 69 41
50 158.5 146 57 33
53 79 144 46 34
54 423.5 142 87 42
55 366 160 90 47
56 63 136 40 28
57 186 122 56 28
62 842.5 129 123 49
63 704 121 108 42
64 569 112 90 39
65 418.5 100 185 66
69 873 112 118 45
70 719 95 104 39
71 578.5 93 79 36
72 295.5 95 61 29
73 441 92 82 34
74 230 92 50 24
75 279 80 44 23
76 180.5 88 41 24
77 227 76 42 25
