14 863.5 461 195 132
15 19.5 211 37 44
19 825.5 336 199 129
20 457.5 259 153 77
21 214.5 215 213 107
22 82 173 64 39
23 27 163 52 34
39 798.5 275 213 110
40 577.5 229 135 71
41 432 197 122 62
47 314 175 98 48
49 232 164 70 41
50 159 147 56 33
53 114.5 145 53 31
54 821 182 138 64
55 794 214 164 68
56 65 138 42 30
57 460 165 106 51
62 944.5 132 33 37
63 775 124 114 47
64 609.5 115 97 40
65 445.5 105 199 72
70 842.5 109 123 48
71 643.5 96 93 41
72 304.5 96 61 29
73 526.5 92 79 40
74 233 90 50 26
75 346 84 44 26
76 183.5 87 39 23
77 267 80 52 28
