14 241.5 267 117 69
18 748.5 324 205 103
19 409.5 241 125 80
20 256.5 211 101 56
21 141 198 180 92
22 58 169 56 37
23 22 164 42 36
39 800 276 212 110
40 578.5 230 135 71
41 432.5 196 121 61
47 315 177 98 50
49 234.5 164 69 41
50 157.5 146 57 33
52 871.5 194 149 65
53 75.5 143 45 33
54 315 132 68 36
55 234.5 137 61 33
56 62.5 137 39 28
57 130 113 42 26
61 944.5 130 33 43
62 829 128 120 47
63 693.5 119 105 41
64 561.5 112 89 39
65 418 100 184 66
69 851 110 116 43
70 695 94 102 38
71 555.5 91 73 36
72 294 97 58 29
73 328.5 84 39 24
74 229 93 46 26
75 269.5 79 45 23
76 179 88 42 23
77 223 75 42 23
