9 713 534 304 170
10 228 339 144 89
16 936.5 367 49 88
17 751.5 328 191 125
18 525.5 272 155 79
19 377 236 114 78
20 258 212 102 55
21 143 198 176 91
22 61 171 58 38
23 25 162 48 33
39 804 280 212 113
40 582 235 136 71
41 435 205 120 69
42 750.5 181 193 114
43 377.5 157 91 42
44 252 150 72 36
45 167.5 119 49 29
46 97 108 34 24
61 937 135 48 52
62 829.5 134 119 50
63 691 120 106 43
64 562.5 113 91 40
65 416.5 105 185 69
67 926.5 114 69 36
68 812 108 112 38
69 680.5 102 99 38
70 563.5 92 83 35
71 377 87 52 29
72 298.5 96 59 26
73 303 82 58 24
74 233.5 95 49 28
75 228.5 79 39 21
76 184 92 38 24
77 191 79 40 25
