7 388.5 414 171 139
8 293 308 308 162
16 936.5 367 49 88
17 753 328 192 125
18 526.5 272 155 79
19 376.5 237 113 79
20 259 213 102 55
21 143.5 198 175 91
22 61 172 58 38
39 804.5 280 209 111
40 569 229 132 68
41 316.5 182 103 58
42 181.5 123 79 59
43 105 116 40 26
61 937.5 136 47 52
62 831 134 120 50
63 691.5 121 107 44
64 563.5 112 91 39
65 416.5 105 185 70
67 921 115 80 39
68 798.5 107 113 38
69 658 101 94 38
70 539 91 82 37
71 346 88 48 29
72 301 97 60 29
73 287 82 54 22
74 230.5 92 47 24
75 213 79 40 20
76 177 92 38 24
