14 866 460 190 130
15 21.5 211 41 44
19 830 337 200 130
20 461.5 259 155 77
21 215.5 216 213 108
22 83 173 64 39
23 27 163 52 34
39 798.5 275 213 110
40 577.5 229 135 71
41 432 197 122 62
47 314 175 98 48
49 232 164 70 41
50 159 147 56 33
53 114.5 145 53 31
54 825.5 182 139 64
55 798 214 164 68
56 65 137 42 30
57 464.5 165 107 51
62 946 131 30 36
63 776 124 114 47
64 609.5 115 97 40
65 446.5 105 199 72
70 845 109 124 48
71 645 96 94 41
72 304.5 96 61 29
73 528 92 80 40
74 233 90 50 26
75 346 84 44 26
76 183.5 87 39 23
77 268 80 52 28
