4 846.5 458 229 141
5 401.5 313 151 94
6 114 249 226 124
16 937 366 48 87
17 755 329 194 126
18 527.5 271 155 78
19 377.5 238 113 80
20 260 213 102 55
21 144 198 174 91
22 62.5 172 59 38
36 709.5 255 189 84
37 884 192 120 74
38 304 128 70 33
39 271.5 169 89 47
40 86 134 44 30
61 938 136 46 52
62 832 135 120 50
63 692.5 122 107 45
64 563.5 113 91 39
65 416.5 105 185 71
67 903.5 113 115 41
68 757.5 108 111 41
69 632.5 98 95 38
70 525.5 88 73 35
71 294.5 84 49 29
72 259.5 96 55 27
73 215 82 50 23
74 181.5 91 41 23
