15 771.5 438 261 139
21 775 371 372 223
22 452.5 260 147 76
23 244 213 106 54
24 138 186 74 49
25 41.5 190 81 41
26 34.5 167 67 38
39 797 274 214 111
40 576 227 134 71
41 430 197 122 63
47 311.5 172 97 46
49 229 163 74 41
50 163 149 56 33
53 110 148 56 37
54 904.5 189 113 65
55 877.5 230 167 75
56 69.5 138 47 33
57 695 199 148 67
58 417 139 90 47
59 283 143 70 40
65 880 131 162 99
72 594.5 110 95 40
74 420.5 100 75 33
75 684 99 94 40
76 303 95 60 28
77 437 83 66 33
78 201 90 48 26
79 338 81 58 28
