10 889 541 144 84
11 251.5 346 143 93
12 40.5 241 79 57
16 936 368 50 89
17 751 328 190 125
18 525.5 271 155 79
19 376 236 114 78
20 258 212 102 55
21 142.5 198 177 91
22 59.5 171 57 38
23 24.5 163 47 34
39 803.5 278 209 109
40 582 235 136 71
41 437 197 120 60
44 759.5 214 155 67
45 441.5 146 87 45
46 204 120 50 28
47 189 154 52 33
48 151 128 38 25
61 936.5 135 49 52
62 829.5 133 119 49
63 690 119 106 42
64 562.5 112 91 40
65 416.5 105 185 69
67 932 115 58 37
68 819.5 109 113 38
69 682 101 98 38
70 571 93 84 35
71 396 87 54 30
72 298 98 60 28
73 307 82 56 24
74 233 94 48 28
75 236.5 80 41 22
76 183.5 91 39 23
77 199 78 40 24
