14 98.5 229 87 50
17 903 354 116 125
18 584 286 168 85
19 374.5 236 113 78
20 255.5 211 101 54
21 142 198 180 92
22 58 169 56 37
23 22 164 42 36
39 800 276 212 110
40 578.5 231 135 71
41 433.5 196 121 61
47 315 177 98 50
49 235 164 68 41
50 156.5 146 57 33
52 617.5 164 125 52
53 72 142 44 33
54 192.5 121 51 33
55 127 116 42 26
61 934.5 135 53 52
62 827 131 118 49
63 687.5 118 105 40
64 561 112 90 41
65 417 103 186 66
68 942.5 115 37 38
69 818 107 112 41
70 664 99 104 41
71 519.5 86 59 30
72 294.5 96 59 27
73 320.5 85 43 26
74 229.5 93 49 27
75 264.5 81 47 23
76 181 88 40 22
77 220 77 44 24
