15 785 443 264 141
21 806.5 375 309 222
22 486.5 270 153 81
23 264.5 217 107 55
24 151.5 189 79 52
25 45 189 88 42
26 39 168 76 37
39 797 274 214 111
40 576 227 134 71
41 430 197 122 63
47 311.5 172 97 46
49 228 163 74 41
50 164 149 56 33
53 110 147 56 37
54 904.5 189 113 65
55 878 230 166 75
56 70 138 48 33
57 696.5 198 149 66
58 452.5 139 97 44
59 318 142 74 39
65 909 133 104 102
72 629.5 115 99 45
74 443.5 100 73 32
75 749.5 104 103 45
76 319 94 64 29
77 458 81 70 32
78 207.5 90 51 24
79 351.5 81 59 31
