14 359 306 148 84
18 848.5 347 225 110
19 483.5 259 133 89
20 261.5 213 103 56
21 141 197 180 92
22 57.5 169 55 37
23 22 164 42 36
39 799 275 212 110
40 578.5 230 135 71
41 432.5 197 121 62
47 314 176 98 49
49 234.5 164 69 41
50 157.5 146 57 33
53 79 144 46 34
54 412 141 86 41
55 349.5 154 83 43
56 63 136 40 28
57 179 121 56 28
62 840.5 129 123 49
63 703 120 108 42
64 568 112 90 39
65 418.5 100 185 66
69 871 112 118 45
70 717 95 104 39
71 576.5 93 79 36
72 295.5 96 61 29
73 427.5 91 77 32
74 229.5 92 49 24
75 278 80 44 23
76 180.5 88 41 24
77 226 76 42 25
