15 323.5 295 139 80
20 831.5 351 225 111
21 420 274 328 156
22 214.5 205 87 51
23 86 178 70 39
24 20.5 154 39 35
39 797.5 274 213 110
40 577.5 228 135 71
41 431 196 122 62
47 313 174 98 48
49 231 163 72 41
50 161 148 56 33
53 115 147 56 34
54 905 192 112 66
55 876.5 233 169 76
56 67.5 137 45 31
57 688 198 148 66
58 127.5 113 49 29
64 858.5 131 131 53
65 558 109 234 79
71 938.5 105 45 37
72 361.5 96 69 29
73 669 97 100 45
74 270.5 92 53 29
75 395.5 84 59 27
76 206 91 48 26
77 327.5 81 55 31
79 265 79 52 29
