15 738 427 252 133
21 736.5 376 449 236
22 405.5 251 137 72
23 215 206 98 52
24 115.5 181 71 49
25 37.5 187 73 38
26 29.5 167 57 37
39 797 274 214 111
40 576.5 228 135 71
41 430 197 122 63
47 311.5 173 97 47
49 228.5 163 73 41
50 163 149 56 33
53 111 148 56 37
54 904.5 189 113 65
55 877.5 231 167 75
56 69.5 138 47 33
57 695 199 148 67
58 365 137 80 45
59 236 134 60 34
65 840 131 242 99
72 550.5 107 95 37
74 390 99 68 33
75 605.5 96 85 39
76 281.5 93 59 29
77 411 83 68 34
78 192 89 48 27
79 318.5 79 59 29
