10 738 541 332 155
11 150 302 106 77
12 23.5 221 45 53
16 936.5 368 49 89
17 751.5 328 191 125
18 525.5 271 155 79
19 376 236 114 78
20 258 212 102 55
21 142 198 176 91
22 60 171 58 38
23 24.5 162 47 33
39 803.5 278 209 109
40 582 235 136 71
41 437 197 120 60
43 895 229 132 67
44 562.5 192 121 61
45 343 135 70 38
46 161.5 118 47 29
47 137.5 143 53 30
48 108 121 38 22
61 936.5 135 49 52
62 829.5 133 119 49
63 690 120 106 43
64 562.5 112 91 40
65 416.5 105 185 69
67 930.5 115 61 37
68 818.5 109 113 38
69 682 101 98 38
70 570 92 84 35
71 391 87 54 29
72 299 97 60 27
73 306 82 56 24
74 233 95 48 28
75 234.5 80 41 22
76 183.5 91 39 23
77 197 79 40 25
