4 775 442 270 145
5 357.5 298 141 86
6 101 243 200 119
16 937 366 48 87
17 755 329 194 126
18 527.5 271 155 78
19 377.5 238 113 80
20 260 213 102 55
21 144 199 174 91
22 62.5 172 59 38
36 674 247 184 79
37 825.5 189 155 73
38 278.5 126 67 31
39 250 165 74 44
40 78.5 127 39 26
61 938 136 46 52
62 832 135 120 50
63 692.5 122 107 45
64 564 113 92 39
65 416.5 105 185 71
67 901.5 114 119 42
68 754.5 107 109 40
69 630 98 94 38
70 524.5 88 73 35
71 289 83 48 28
72 256.5 96 55 27
73 210.5 82 49 23
74 178.5 91 41 23
