7 708 529 254 179
8 559.5 403 483 238
9 59 262 92 62
10 14 211 26 44
16 936.5 367 49 88
17 753 328 192 125
18 526.5 272 155 79
19 376.5 237 113 79
20 259 212 102 55
21 142.5 198 175 91
22 61 172 58 38
39 804.5 280 213 112
40 583.5 228 133 66
41 375.5 191 111 60
42 248.5 128 91 61
43 136 117 46 23
61 937 135 48 52
62 831 134 120 50
63 691.5 121 107 44
64 563.5 112 91 39
65 416.5 105 185 70
67 922 114 78 37
68 802 107 112 38
69 666 101 96 38
70 541.5 92 85 37
71 353.5 87 49 29
72 299.5 97 59 28
73 292 81 56 22
74 232 93 48 25
75 217.5 79 39 20
76 180 92 38 24
