14 423.5 326 161 91
18 874 353 174 107
19 529 269 144 94
20 272 215 104 56
21 140.5 197 177 92
22 56.5 170 53 37
23 22.5 163 43 36
39 799 275 212 110
40 578.5 230 135 71
41 432.5 197 121 62
47 314 176 98 49
49 233.5 164 69 41
50 158.5 146 57 33
53 80.5 144 47 34
54 463.5 145 91 45
55 420.5 171 107 55
56 63 136 40 28
57 208.5 124 57 29
62 847 129 124 50
63 708.5 121 109 42
64 571 112 90 39
65 417.5 100 185 66
69 880.5 112 119 45
70 727.5 95 105 39
71 585.5 93 81 36
72 296 96 62 30
73 474 91 86 36
74 229.5 92 51 24
75 283 79 44 22
76 181 87 40 24
77 228 76 42 25
