14 39 216 76 48
17 868 358 186 142
18 531.5 273 157 78
19 374 234 114 76
20 255.5 211 101 54
21 141.5 198 179 92
22 58 169 56 37
23 22.5 164 43 36
39 799.5 276 211 110
40 579.5 231 135 71
41 433.5 197 121 61
47 315 177 98 50
49 236 164 68 41
50 156.5 146 57 33
51 929.5 231 63 65
52 490 150 102 48
53 69.5 142 43 33
54 143 120 46 32
55 94 109 36 20
61 935 134 52 52
62 827 131 118 49
63 688.5 118 105 40
64 561 112 90 41
65 417 103 186 66
68 933 117 56 39
69 801.5 109 115 47
70 647 96 100 40
71 497.5 85 61 31
72 295 96 62 27
73 320 84 48 25
74 228 92 48 26
75 263 81 46 23
76 181.5 89 39 23
77 218.5 79 47 26
