12 478.5 440 217 131
13 286 279 124 70
16 936 368 50 89
17 751 328 190 125
18 524.5 271 155 79
19 375 235 114 77
20 257 212 102 55
21 142.5 197 177 91
22 59.5 171 57 38
23 24 163 46 34
39 802 278 210 109
40 581 234 136 71
41 436 197 120 60
46 702.5 177 113 61
47 301 177 92 47
48 636.5 198 139 62
49 173 153 58 34
50 91 131 38 27
61 936 135 50 52
62 828.5 132 119 49
63 690 119 106 42
64 562 112 90 40
65 416.5 104 185 68
67 941.5 122 39 43
68 830 109 114 37
69 684.5 101 97 38
70 572 93 84 35
71 420.5 87 57 30
72 298 98 62 29
73 311.5 83 53 25
74 231.5 95 47 29
75 245 82 44 24
76 181.5 90 41 22
77 208 77 40 23
