15 117.5 233 93 53
19 933.5 348 55 114
20 600 294 180 92
21 283 237 248 125
22 135 184 72 41
23 32 169 62 40
39 798.5 274 213 110
40 577.5 229 135 71
41 432 196 122 62
47 313 175 98 48
49 231.5 163 71 41
50 160 147 56 33
53 115 146 54 32
54 900.5 191 121 66
55 881 232 160 78
56 65.5 137 43 30
57 591.5 185 127 60
63 877.5 131 111 49
64 671.5 117 101 44
65 471 105 204 76
71 714 100 102 41
72 322.5 96 63 30
73 548 92 92 38
74 246.5 92 49 26
75 368.5 85 55 26
76 189.5 91 43 24
77 299.5 81 51 30
79 227 80 46 26
