15 454 340 172 100
20 909 358 104 96
21 516.5 304 389 178
22 265.5 216 101 58
23 122.5 187 79 42
24 33 162 64 38
39 797.5 273 213 110
40 577.5 228 135 71
41 431 196 122 62
47 312.5 173 97 47
49 230 163 72 41
50 162 148 56 33
53 114 147 56 35
54 905 191 112 66
55 876.5 231 169 75
56 67.5 138 45 32
57 694.5 201 147 69
58 187 118 60 33
59 102 109 38 24
65 643 116 268 87
72 402.5 97 73 30
73 799 105 120 48
74 291 93 56 29
75 419.5 83 65 26
76 221.5 91 47 25
77 340 81 58 30
78 168.5 88 45 26
79 276.5 77 49 26
