15 332.5 299 141 82
20 837.5 353 221 111
21 425.5 275 331 156
22 218 206 88 52
23 88 178 70 39
24 21 154 40 35
39 797.5 274 213 110
40 577.5 228 135 71
41 431 196 122 62
47 313 174 98 48
49 231 163 72 41
50 161 148 56 33
53 115 147 56 34
54 905 192 112 66
55 876.5 233 169 76
56 67.5 137 45 31
57 689.5 197 147 66
58 131.5 113 49 29
64 866 131 132 52
65 562 111 236 80
71 945 103 32 33
72 363.5 96 69 29
73 675.5 98 99 46
74 271.5 92 53 29
75 396.5 84 59 27
76 207 91 48 26
77 329 80 56 30
79 266 79 52 28
