14 126 234 94 51
17 918 353 86 122
18 618.5 295 175 90
19 375 234 112 76
20 255.5 211 101 54
21 142 198 180 92
22 58 169 56 37
23 22 164 42 36
39 800 276 212 110
40 578.5 231 135 71
41 433.5 196 121 61
47 315 177 98 50
49 235 164 68 41
50 156.5 146 57 33
52 670 170 136 55
53 73 142 44 33
54 215 123 56 32
55 144.5 116 37 24
61 933 139 56 52
62 827.5 131 119 49
63 687.5 118 109 40
64 560 112 90 36
65 418 105 186 68
68 949.5 113 23 36
69 825.5 107 113 41
70 669.5 100 99 43
71 524 84 74 30
72 293 96 56 28
73 321.5 86 39 27
74 231 93 50 27
75 266 82 48 23
76 181 87 42 21
77 220 75 42 21
