4 365.5 308 157 87
5 166.5 240 93 64
6 40 208 78 88
16 937 366 48 87
17 755.5 329 195 126
18 527.5 271 155 78
19 378.5 239 113 81
20 260 213 102 55
21 143.5 199 173 91
22 62.5 172 59 38
34 933.5 191 55 51
35 695 208 150 66
36 446.5 203 133 63
37 445.5 144 99 50
38 159 117 48 27
39 118.5 140 59 33
61 938.5 136 45 52
62 832 135 120 50
63 693 123 108 46
64 564 113 92 38
65 415 104 184 69
67 890 115 142 46
68 740 106 100 39
69 618.5 97 89 37
70 511.5 90 71 36
71 249.5 81 43 24
72 229 93 48 24
73 189.5 80 41 21
