15 123.5 235 93 54
19 939 349 44 114
20 606.5 297 181 93
21 287 238 250 126
22 137 184 72 40
23 32.5 169 63 40
39 798.5 274 213 110
40 577.5 229 135 71
41 432 196 122 62
47 313 175 98 48
49 231.5 163 71 41
50 160 147 56 33
53 115 147 54 33
54 901.5 190 119 65
55 881 233 160 79
56 65.5 137 43 30
57 597 186 128 60
63 881.5 130 107 48
64 677 118 102 44
65 473.5 105 205 76
71 720 100 102 41
72 324 96 64 30
73 549.5 92 93 38
74 248 92 50 26
75 369 85 56 26
76 190.5 91 43 24
77 301 82 52 31
79 229 79 46 26
