14 159.5 244 99 57
17 935.5 357 51 119
18 661.5 302 185 92
19 381 236 116 76
20 257 214 104 58
21 142 198 180 92
22 58 169 56 37
23 22 164 42 36
39 800 276 212 110
40 578.5 231 135 71
41 433.5 196 121 61
47 315 177 98 50
49 235 164 68 41
50 156.5 146 57 33
52 737.5 177 147 59
53 74 142 44 33
54 244 126 60 35
55 164.5 123 43 28
61 934 135 54 51
62 827.5 130 119 48
63 690 118 102 41
64 560.5 112 89 37
65 418.5 104 185 68
69 834 108 114 42
70 676 92 100 37
71 537 90 68 36
72 293.5 96 57 28
73 323.5 85 39 26
74 230.5 92 49 26
75 267.5 81 47 23
76 180 88 42 22
77 221 76 42 22
