2 859 203 36 29
3 743 145 32 21
4 532.5 541 101 89
5 379 541 114 76
6 202.5 541 123 87
7 52 541 102 73
8 530.5 436 79 84
9 399.5 436 81 80
10 270.5 453 97 91
11 125.5 467 109 86
12 53.5 425 105 78
13 429 350 72 76
14 313 373 72 66
15 187 389 90 87
16 339.5 324 63 54
17 251.5 326 65 58
18 353.5 286 55 46
19 287.5 279 55 44
20 383.5 251 43 39
21 308 248 44 38
22 376.5 228 35 36
23 319.5 227 39 34
24 341 208 34 31
25 357 191 36 30
26 399.5 212 59 75
27 133 355 216 161
28 232.5 250 95 92
29 282.5 203 61 70
30 332.5 172 75 66
31 413 151 44 45
32 687.5 153 29 20
33 546 169 32 25
34 174 217 28 22
35 109.5 233 47 32
36 888.5 226 59 54
38 704 182 34 28
39 761.5 205 51 36
40 673.5 215 57 35
41 688 270 68 46
42 887.5 270 83 46
