2 803 154 48 23
4 535 541 104 91
5 382 541 112 78
6 195 541 128 72
8 532 440 80 88
9 401.5 444 79 88
10 260.5 477 105 98
11 104 506 118 102
13 430 351 72 80
14 312.5 379 77 70
15 180.5 405 97 94
16 341 324 66 57
17 252 328 68 60
18 355.5 286 57 46
19 288.5 280 57 47
20 381.5 255 49 40
21 308.5 251 45 38
22 378 227 40 34
23 320.5 228 39 36
24 343.5 211 35 32
25 359 193 32 31
26 400 206 64 72
27 114 380 226 182
28 234 254 96 93
29 281.5 206 77 70
30 334 178 78 68
31 410.5 164 47 47
43 913 179 40 28
46 882.5 198 47 29
47 319 147 68 39
