2 870.5 166 61 26
4 536 541 104 87
5 380.5 541 117 75
6 203.5 541 127 84
7 53.5 541 105 68
8 531 440 82 87
9 401 443 80 88
10 268.5 463 101 96
11 127 474 110 92
12 51 436 100 84
13 429.5 352 71 77
14 315.5 377 75 67
15 187.5 395 91 90
16 341 328 66 57
17 251 332 70 61
18 356 288 54 47
19 287.5 282 57 47
20 382 257 48 41
21 309.5 253 47 40
22 378.5 230 39 36
23 322 229 40 36
24 343.5 214 37 34
25 358 194 30 29
26 400.5 207 65 69
27 137 361 210 166
28 238.5 251 89 87
29 281 208 76 71
30 334.5 176 79 65
31 411 170 46 50
43 913 181 40 29
44 41.5 367 81 134
46 877 210 50 29
47 273 147 60 38
