2 886.5 168 63 27
4 534 541 106 87
5 381 541 116 77
6 205 541 122 87
7 53 541 104 70
8 528.5 439 83 86
9 401 444 82 89
10 271.5 459 103 94
11 128 475 104 93
12 55 428 108 80
13 432.5 353 71 77
14 315.5 379 77 70
15 188 393 92 86
16 342.5 328 65 56
17 253 331 68 61
18 355.5 286 57 44
19 288.5 281 55 45
20 382 257 48 40
21 308 255 46 41
22 379 228 40 30
23 320.5 230 41 35
24 343 213 36 32
25 359.5 196 33 31
26 402.5 207 63 70
27 142.5 358 203 167
28 238.5 253 93 88
29 282 210 78 73
30 333.5 177 81 64
31 410.5 167 47 49
43 909.5 183 39 28
44 55.5 365 109 150
46 887.5 214 55 28
47 262.5 146 51 37
