2 786.5 150 45 25
4 536.5 541 105 91
5 380 541 112 78
6 191.5 541 113 55
8 531.5 437 83 86
9 399 449 82 90
10 256.5 479 105 102
11 84 525 128 105
13 430.5 349 71 76
14 314 380 76 71
15 176.5 410 97 98
16 341.5 326 63 58
17 249.5 326 69 56
18 354.5 286 55 47
19 288.5 279 55 48
20 381 254 48 39
21 308 250 46 40
22 378.5 230 43 37
23 321.5 227 39 36
24 342.5 210 39 33
25 356.5 192 33 31
26 399.5 205 69 73
27 112.5 389 223 187
28 230.5 252 95 94
29 280.5 203 77 69
30 332.5 175 79 64
31 408.5 167 49 51
46 889.5 195 55 29
47 335 148 70 40
