2 746 136 36 23
4 535 541 104 95
5 379.5 541 115 79
8 529.5 434 79 88
9 396 460 86 95
10 240 513 116 112
11 35 541 68 32
13 429.5 346 73 79
14 306 389 82 76
15 143.5 453 115 112
16 337.5 329 69 60
17 240 335 72 61
18 354.5 280 55 45
19 288.5 276 55 48
20 381.5 250 49 39
21 309 247 46 40
22 379.5 224 41 35
23 321 221 40 35
24 344 204 34 32
25 357 187 32 30
26 400 201 64 71
27 97.5 443 193 223
28 216 261 110 101
29 280.5 202 79 70
30 332.5 170 79 64
31 411 153 46 43
46 902.5 188 65 29
47 373.5 137 75 34
