2 707 119 26 19
4 537.5 541 107 85
5 379 541 106 51
8 531.5 431 77 86
9 392.5 463 89 92
10 187 541 116 42
13 429.5 351 75 81
14 284.5 432 91 88
15 58.5 541 115 99
16 324.5 345 71 63
17 212 369 84 71
18 349.5 291 63 52
19 269 299 64 56
20 381 250 50 41
21 305.5 245 45 37
22 378.5 219 39 34
23 321.5 221 39 36
24 343 202 34 30
25 359 185 30 30
26 400 199 58 72
27 67.5 468 133 206
28 184 292 140 117
29 274.5 203 81 70
30 334.5 168 81 66
31 410.5 153 43 44
46 909 185 66 28
47 406 138 68 38
48 872 299 96 50
