2 713.5 122 29 20
4 536.5 541 105 92
5 380 541 106 62
8 530 434 80 88
9 393.5 463 87 92
10 199 541 122 75
13 430.5 347 73 77
14 291.5 420 87 88
15 71.5 541 141 127
16 328 342 72 64
17 222 357 80 65
18 351 288 56 51
19 274 290 60 50
20 380.5 251 49 41
21 307.5 245 47 39
22 379.5 220 41 35
23 321 221 40 36
24 344 204 36 32
25 358 187 32 32
26 400.5 200 65 72
27 75.5 472 149 220
28 195 282 132 110
29 277 201 82 71
30 334 168 84 65
31 410 154 46 43
46 906.5 183 65 26
47 398.5 140 79 38
48 920 332 82 56
