2 861.5 209 39 30
3 778.5 176 29 27
4 532.5 541 101 89
5 379 541 114 76
6 202.5 541 123 87
7 52 541 102 73
8 530.5 436 79 84
9 399.5 436 81 80
10 270.5 453 97 91
11 125.5 467 109 86
12 53.5 425 105 78
13 429 350 72 76
14 313 373 72 66
15 187 389 90 87
16 339.5 324 63 54
17 251.5 326 65 58
18 353.5 286 55 46
19 287.5 279 55 44
20 383.5 251 43 39
21 308 248 44 38
22 376.5 228 35 36
23 319.5 227 39 34
24 341 208 34 31
25 357 191 36 30
26 398 209 62 72
27 133 355 216 161
28 232.5 250 95 92
29 282.5 203 61 70
30 332.5 172 75 66
31 408.5 148 49 44
32 729 199 42 30
33 629.5 228 49 33
34 218 186 26 19
35 186.5 184 35 25
36 901 245 72 60
37 94 255 60 33
38 787.5 257 67 41
39 860.5 258 71 44
40 891.5 350 113 61
