2 846.5 165 59 27
4 537 541 102 88
5 381 541 114 76
6 204 541 122 85
7 48.5 541 95 55
8 530.5 441 79 89
9 402.5 442 79 87
10 264 469 100 97
11 125.5 480 107 95
12 39 460 76 87
13 432 352 70 79
14 315.5 379 75 71
15 187 396 90 88
16 343 329 64 61
17 252 330 68 59
18 357.5 286 55 46
19 289.5 281 57 45
20 381.5 260 49 44
21 309.5 254 47 42
22 379.5 230 37 34
23 321.5 230 37 37
24 343 211 38 34
25 359 196 30 33
26 400.5 209 65 73
27 137 362 208 167
28 236.5 252 95 90
29 282 209 74 72
30 337 175 74 63
31 408.5 168 51 49
43 913 182 42 29
44 28 367 54 121
46 873.5 205 43 30
47 286.5 147 67 39
