2 875.5 167 63 27
4 535.5 541 107 88
5 381 541 116 76
6 203.5 541 123 83
7 53 541 104 67
8 531 441 80 87
9 402 444 80 88
10 269.5 463 97 96
11 127 474 106 91
12 53 433 104 81
13 430.5 351 73 77
14 315 379 76 68
15 188 398 90 93
16 343 328 66 57
17 253 330 68 59
18 356.5 288 55 47
19 288 283 54 46
20 382 258 48 41
21 310 253 46 40
22 379 229 40 35
23 321.5 231 39 37
24 343.5 215 39 35
25 358.5 194 31 29
26 401 207 64 69
27 135.5 362 211 167
28 237 252 94 89
29 282 208 76 70
30 333.5 179 79 68
31 410.5 167 47 48
43 911.5 182 39 29
44 45.5 364 89 138
46 879.5 212 51 29
47 270 147 58 37
