2 885.5 167 63 27
4 534 541 106 87
5 381 541 116 76
6 204 541 122 87
7 53.5 541 105 69
8 529 440 84 86
9 401 444 82 89
10 270.5 460 101 94
11 127 474 104 93
12 54.5 429 107 80
13 431.5 354 71 78
14 315.5 380 77 71
15 188.5 393 91 86
16 342.5 329 65 58
17 252.5 331 67 61
18 355 286 58 44
19 288.5 281 55 45
20 382 257 48 40
21 308.5 256 47 42
22 378.5 228 39 30
23 321.5 231 41 36
24 342.5 212 35 32
25 359 195 32 31
26 402 208 62 71
27 141.5 359 203 167
28 238 254 92 90
29 281.5 210 77 73
30 333.5 177 79 65
31 410.5 167 47 49
43 909.5 183 39 28
44 54 364 106 148
46 886.5 214 55 29
47 264 147 52 38
