2 787 151 46 25
4 536 541 104 91
5 380 541 112 78
6 191.5 541 113 57
8 531.5 437 83 86
9 398.5 449 81 91
10 257 479 106 102
11 86 521 126 104
13 431 349 70 75
14 314 379 76 71
15 177.5 409 97 98
16 341.5 326 63 58
17 251 326 68 55
18 354 286 54 47
19 288.5 279 55 48
20 381 254 48 39
21 308.5 250 47 40
22 379 230 44 37
23 321.5 227 39 36
24 342 211 38 33
25 356.5 192 33 31
26 400 206 68 74
27 112.5 388 223 186
28 230 253 96 95
29 280.5 203 77 69
30 332.5 176 79 64
31 408 167 50 51
46 889 195 54 30
47 332.5 148 67 39
