2 797 152 46 23
4 536 541 106 90
5 381 541 112 80
6 192.5 541 129 69
8 530 439 80 88
9 400.5 445 79 88
10 261 479 104 99
11 99.5 511 121 101
13 430 349 72 78
14 313 381 76 71
15 180.5 406 97 95
16 341.5 324 65 57
17 251.5 328 65 61
18 355.5 286 57 47
19 288 279 56 46
20 381.5 255 49 40
21 308 251 46 39
22 379 228 40 36
23 321 228 40 36
24 343.5 210 37 32
25 358.5 192 31 30
26 400 206 64 72
27 113 382 224 181
28 233.5 254 95 94
29 280 205 72 70
30 334.5 178 75 70
31 410 163 48 46
46 885 197 48 29
47 324.5 148 69 41
