2 891 168 62 27
4 537 541 104 86
5 382 541 112 77
6 203.5 541 123 84
7 52 541 102 68
8 531 443 80 91
9 399.5 441 81 82
10 273 460 96 90
11 128 476 104 95
12 55.5 427 109 81
13 431 353 70 79
14 317 380 72 67
15 188 397 92 92
16 341 330 64 60
17 254 326 66 56
18 354 288 54 47
19 288.5 282 55 46
20 381.5 257 49 40
21 308.5 255 45 42
22 377.5 232 37 37
23 321 232 42 37
24 342 213 40 32
25 358.5 195 33 30
26 402 210 62 75
27 142 359 202 166
28 238 254 86 93
29 280 209 70 71
30 330.5 177 79 67
31 410 168 44 50
43 909 182 40 26
44 60 367 118 159
46 890.5 218 53 28
47 260 147 46 37
