2 755 138 38 22
4 535.5 541 107 95
5 381 541 112 82
8 529.5 435 81 89
9 396 460 86 97
10 246 499 110 109
11 48.5 541 95 60
13 431 346 70 76
14 308 388 80 76
15 157 434 106 102
16 339 324 66 58
17 242 331 74 60
18 355 284 58 50
19 288 276 58 49
20 381 252 50 42
21 309 246 46 39
22 378.5 221 39 33
23 321.5 223 39 35
24 342.5 205 37 33
25 357 189 34 30
26 399.5 202 65 73
27 101.5 428 201 212
28 224.5 257 107 95
29 284 201 82 68
30 333.5 172 79 67
31 410 154 46 42
46 900.5 188 65 28
47 368.5 135 71 33
