2 860 166 60 26
4 535.5 541 107 89
5 380.5 541 115 77
6 202.5 541 125 82
7 50 541 98 65
8 530.5 442 79 89
9 401.5 442 81 85
10 265 463 102 93
11 125.5 477 107 94
12 46.5 447 91 86
13 432 352 70 75
14 315 382 78 72
15 186.5 395 91 90
16 341.5 329 65 61
17 252.5 328 69 57
18 354.5 285 57 45
19 288.5 282 57 46
20 381 257 50 42
21 309.5 253 47 40
22 378 231 40 36
23 321.5 228 39 35
24 344.5 214 37 35
25 357 196 32 33
26 397.5 208 67 73
27 134.5 363 211 171
28 238 254 94 92
29 282 207 76 70
30 335 177 76 67
31 411.5 167 47 48
43 913 181 40 28
44 36 367 70 128
46 874 209 48 30
47 278 146 64 37
