2 926.5 192 69 28
3 669 115 20 16
4 535 541 102 86
5 379.5 541 115 70
6 204.5 541 119 78
7 52.5 541 103 63
8 531 443 78 84
9 401.5 446 81 84
10 272 462 98 90
11 127.5 475 107 88
12 55 429 108 78
13 431 358 72 76
14 315 383 72 68
15 188 398 86 88
16 343.5 331 61 55
17 254 333 64 56
18 356.5 294 53 49
19 288 285 54 45
20 382 258 46 36
21 310 255 42 35
22 380 231 38 32
23 320 231 38 34
24 341 215 38 32
25 357.5 199 31 30
26 400 210 58 69
27 134.5 363 215 162
28 232.5 257 99 92
29 281 211 74 69
30 333 181 80 66
31 409.5 177 45 54
33 511 118 18 15
36 854 210 54 49
38 653 121 20 13
39 577.5 137 27 21
40 547 117 18 16
41 528.5 128 19 19
42 730.5 184 35 28
43 940 255 42 39
44 363 136 42 40
