2 786 149 44 24
4 535.5 541 105 90
5 380 541 112 78
6 191.5 541 113 54
8 531.5 437 83 86
9 398.5 449 83 90
10 256.5 479 105 102
11 82 528 130 106
13 430 350 72 78
14 313.5 381 77 71
15 176.5 410 97 98
16 341.5 325 63 58
17 248.5 327 69 57
18 354.5 285 55 46
19 288.5 279 55 48
20 381 253 48 38
21 308 249 46 39
22 378.5 228 43 36
23 321.5 226 39 35
24 342.5 211 39 34
25 358 192 34 31
26 399.5 205 69 72
27 112 390 222 188
28 231 252 94 94
29 280.5 204 77 70
30 333 174 80 64
31 409 166 48 50
46 889.5 195 55 29
47 337 147 72 40
