2 747 136 36 23
4 535.5 541 105 96
5 379 541 116 78
8 529 434 78 88
9 396 459 86 95
10 241.5 511 117 112
11 37.5 541 73 35
13 429.5 348 73 80
14 307 389 82 76
15 145 451 114 113
16 338 328 68 60
17 241 334 72 61
18 354.5 280 55 45
19 289.5 277 55 48
20 381.5 250 49 39
21 309 246 46 39
22 379.5 223 41 34
23 321 221 40 35
24 344.5 205 35 32
25 357.5 187 33 31
26 400.5 201 63 71
27 98.5 441 195 222
28 216 262 110 102
29 280 203 78 71
30 332 170 78 64
31 410.5 153 45 43
46 902.5 188 65 28
47 372.5 138 75 35
