2 784 148 42 23
4 535.5 541 105 90
5 380 541 112 78
6 190 541 112 51
8 531 437 82 86
9 398 450 84 90
10 256.5 479 105 102
11 73 534 144 107
13 429.5 350 75 81
14 312.5 382 77 71
15 176 412 98 99
16 342 325 64 58
17 247.5 327 71 59
18 354.5 284 55 46
19 287.5 278 55 47
20 380 252 48 37
21 308.5 248 45 38
22 378.5 227 43 36
23 321.5 226 39 35
24 342.5 211 39 35
25 358.5 192 35 32
26 399 203 70 70
27 111.5 394 221 191
28 232.5 251 93 92
29 280 204 78 70
30 333.5 174 81 65
31 410.5 164 47 49
46 891 193 56 27
47 341.5 146 77 41
