2 818 160 50 26
4 535 541 104 87
5 382 541 112 77
6 199 541 126 80
7 33 541 64 27
8 531 437 78 84
9 400 446 84 92
10 262 474 102 97
11 114.5 492 113 98
12 17.5 473 33 63
13 430 353 72 80
14 314.5 381 77 73
15 183 402 96 93
16 343.5 330 65 62
17 251.5 329 67 59
18 353.5 287 57 47
19 289 282 56 49
20 381.5 257 47 41
21 309 253 46 40
22 379 231 40 36
23 321 229 38 36
24 342 211 36 33
25 358 194 32 30
26 399 208 66 73
27 117.5 373 233 174
28 236 251 92 88
29 283 209 78 71
30 336 180 78 68
31 409 164 50 46
43 914 180 40 29
46 876.5 199 39 27
47 306.5 149 67 40
