1 553 117 22 18
2 872 202 52 34
3 907 295 74 54
4 533.5 541 107 98
5 379 541 114 88
6 202 541 122 100
7 53.5 541 105 81
8 529 429 80 87
9 399.5 433 77 88
10 270.5 447 99 93
11 127.5 463 109 92
12 56 419 110 83
13 430 347 74 82
14 313 370 74 70
15 187 385 88 93
16 341 320 64 61
17 251 321 66 61
18 353.5 280 55 49
19 285.5 272 55 47
20 380.5 245 49 39
21 307.5 245 47 43
22 377 222 38 39
23 320 219 38 36
24 341.5 204 37 34
25 358 184 36 29
26 405 181 56 65
27 135 351 218 170
28 233 242 94 92
29 279 199 80 74
30 333.5 168 77 69
31 372 121 52 38
