2 756.5 138 39 22
4 536 541 108 95
5 380.5 541 113 81
8 531 435 82 89
9 395.5 459 87 97
10 247 498 110 109
11 50 541 98 62
13 431.5 347 71 77
14 308 388 80 77
15 157.5 434 105 103
16 339 324 66 58
17 242.5 330 75 59
18 355 284 58 50
19 289 275 58 47
20 380.5 252 49 42
21 309 246 46 40
22 379.5 222 39 34
23 321.5 223 39 35
24 342.5 206 37 34
25 357.5 189 33 30
26 400 202 64 73
27 101.5 426 201 210
28 224 255 104 94
29 283.5 201 81 68
30 334 172 80 67
31 410.5 155 47 43
46 900 189 64 28
47 368 135 70 33
