2 830.5 162 55 27
4 535 541 106 90
5 381.5 541 117 77
6 203 541 126 83
7 40.5 541 79 42
8 531.5 439 77 85
9 402.5 445 83 90
10 263 473 100 97
11 120.5 485 111 95
12 28.5 475 55 83
13 431 354 74 79
14 315 380 76 72
15 185 401 96 92
16 341.5 328 65 57
17 251.5 331 67 60
18 356 290 58 49
19 288 284 56 50
20 382 258 48 41
21 309 254 44 40
22 378.5 229 37 34
23 320.5 231 41 37
24 343 213 36 34
25 358 194 32 29
26 401.5 209 67 72
27 127.5 368 221 169
28 234.5 254 91 93
29 282.5 208 73 72
30 335.5 177 75 67
31 409 168 48 49
43 914.5 182 41 30
44 18.5 363 35 107
46 873 200 34 27
47 297 146 66 37
