2 867 167 60 26
4 536 541 106 88
5 381 541 118 74
6 204.5 541 127 84
7 52.5 541 103 67
8 531 441 82 87
9 400 443 80 87
10 268 462 100 93
11 127.5 475 107 91
12 49 439 96 83
13 430.5 353 71 77
14 315.5 380 75 71
15 187.5 395 91 90
16 341 329 64 58
17 251.5 330 69 60
18 355.5 287 57 45
19 288.5 282 57 46
20 381.5 257 49 41
21 309 253 48 40
22 378.5 229 39 35
23 322 228 40 34
24 343 213 38 33
25 358 194 32 30
26 400.5 208 67 72
27 137.5 363 205 170
28 238.5 253 91 91
29 281.5 207 77 71
30 334.5 175 77 65
31 410.5 169 49 50
43 913 182 42 30
44 40 363 78 127
46 875 208 48 28
47 277.5 147 67 39
