1 547 114 20 17
2 871 207 50 33
3 863.5 262 65 43
4 532.5 541 103 93
5 379 541 114 81
6 202 541 122 92
7 52.5 541 103 76
8 529.5 433 79 85
9 399.5 435 79 83
10 270 450 98 91
11 126.5 465 109 88
12 54.5 422 107 80
13 429.5 348 73 78
14 313.5 372 73 68
15 186.5 388 89 90
16 340.5 323 63 57
17 250.5 324 65 59
18 353.5 284 55 47
19 286.5 276 55 45
20 381.5 249 45 39
21 307.5 247 45 40
22 377 226 36 37
23 319.5 224 39 35
24 341.5 206 35 32
25 358 188 36 29
26 402.5 191 59 67
27 133.5 353 217 164
28 232 247 94 92
29 281 202 68 72
30 332.5 170 75 67
31 377 126 56 37
