2 840.5 164 59 27
4 535 541 102 89
5 381 541 114 78
6 203 541 124 86
7 45 541 88 49
8 532 440 78 85
9 402 441 78 86
10 263 471 100 97
11 121.5 481 109 94
12 34.5 468 67 87
13 430 351 72 78
14 313.5 378 75 69
15 186.5 399 91 92
16 343 328 62 60
17 251.5 330 67 59
18 355.5 288 55 48
19 289 281 56 47
20 382 260 50 42
21 308.5 254 47 41
22 378.5 230 37 34
23 321 230 38 37
24 342 211 34 33
25 359.5 196 31 32
26 401.5 209 63 71
27 132 364 212 166
28 235.5 254 95 92
29 282 207 74 69
30 336 176 74 65
31 409.5 169 49 50
43 913 182 40 29
44 23 366 44 115
46 873 203 38 29
47 290 145 66 37
