2 848.5 165 59 27
4 537 541 104 89
5 380.5 541 113 76
6 204 541 122 85
7 49 541 96 56
8 531 441 80 89
9 402.5 443 79 88
10 265 469 100 97
11 125 480 106 95
12 39.5 459 77 88
13 432 354 70 80
14 315.5 379 75 71
15 186.5 396 91 88
16 343 329 64 61
17 251.5 329 69 59
18 357.5 287 55 46
19 289.5 281 57 45
20 381 260 48 44
21 309.5 253 47 41
22 379.5 230 37 34
23 320.5 229 37 37
24 343.5 212 39 34
25 358.5 197 31 34
26 400.5 208 65 73
27 137 362 210 167
28 236.5 251 95 89
29 281 209 74 72
30 337.5 175 75 63
31 409.5 168 51 49
43 913 182 42 29
44 29 367 56 121
46 873.5 206 43 31
47 285.5 147 67 39
