2 749.5 136 37 22
4 535 541 106 96
5 379 541 116 78
8 529 434 78 88
9 396 460 86 96
10 243 508 116 111
11 41 541 80 41
13 429 348 72 80
14 308 388 82 75
15 148.5 446 111 110
16 338.5 327 67 60
17 241 334 72 61
18 354.5 281 55 46
19 289.5 277 55 48
20 381 251 50 40
21 309 245 46 38
22 379.5 222 41 33
23 320.5 221 39 35
24 344 205 36 32
25 358 187 34 31
26 400 202 62 72
27 100 438 198 220
28 217.5 261 109 101
29 280 203 78 71
30 333 170 78 64
31 410.5 153 45 43
46 901.5 188 65 28
47 371 136 74 34
