2 801.5 153 47 23
4 534.5 541 105 90
5 381 541 112 78
6 195 541 128 71
8 531 440 80 88
9 401.5 445 79 88
10 260 478 104 97
11 102.5 508 119 102
13 430 350 72 79
14 313 380 76 70
15 181 405 98 93
16 341.5 324 65 56
17 252 328 66 60
18 355.5 286 57 46
19 288 280 56 47
20 381.5 255 49 40
21 308.5 250 45 38
22 378 226 40 34
23 320.5 228 39 36
24 343.5 210 35 31
25 358.5 193 31 31
26 400 205 64 71
27 113 380 224 182
28 234 254 96 93
29 281 204 76 69
30 334 177 78 68
31 409.5 164 47 47
43 913 179 40 28
46 884 198 48 29
47 320.5 147 69 40
