2 864 166 60 26
4 535.5 541 107 89
5 380.5 541 117 75
6 204 541 126 84
7 51.5 541 101 66
8 530.5 442 81 88
9 400 442 80 86
10 267.5 462 101 92
11 127 475 106 91
12 48 442 94 84
13 431.5 352 71 76
14 315.5 381 75 72
15 187.5 395 91 90
16 340.5 329 63 59
17 252 329 68 59
18 354.5 286 57 44
19 288.5 283 57 46
20 381 257 50 42
21 309 253 48 40
22 378 228 40 34
23 321.5 228 39 34
24 343 213 38 33
25 357.5 195 33 31
26 399.5 208 67 73
27 138 363 206 171
28 239 253 92 92
29 281.5 207 77 71
30 335 175 76 65
31 410.5 169 49 50
43 913 182 42 30
44 38.5 363 75 126
46 875 208 48 28
47 279 147 68 39
