2 794 152 46 24
4 536 541 106 90
5 381 541 112 82
6 191 541 130 66
8 530.5 438 81 88
9 399 447 80 90
10 261 479 106 102
11 96 513 124 100
13 430 350 70 78
14 312 382 76 72
15 180.5 408 95 99
16 341 327 64 60
17 252 328 66 62
18 354.5 286 55 48
19 289 280 58 45
20 381 253 48 38
21 307.5 250 47 39
22 381 230 40 37
23 321 228 40 36
24 341.5 211 39 34
25 358 191 32 30
26 400 207 64 74
27 114.5 383 227 179
28 233 253 96 95
29 280.5 205 69 70
30 335 178 72 70
31 409.5 161 47 44
46 885.5 196 47 29
47 327 151 66 43
