2 858 166 60 26
4 535.5 541 107 89
5 380 541 114 78
6 202.5 541 125 81
7 49.5 541 97 64
8 531 443 78 90
9 402.5 441 81 84
10 264 464 102 94
11 125 478 108 95
12 46 448 90 86
13 431.5 352 69 75
14 314.5 381 79 71
15 187 395 92 90
16 341.5 330 65 62
17 253.5 327 69 56
18 354 286 56 46
19 289 282 58 46
20 381 258 50 43
21 309.5 253 47 40
22 378 231 40 36
23 321 228 38 35
24 344 214 36 35
25 357 195 32 33
26 397.5 209 67 74
27 134.5 364 213 172
28 238.5 254 95 92
29 282 207 76 69
30 336 177 76 67
31 411 167 46 48
43 913.5 182 39 28
44 35 368 68 129
46 874 209 48 31
47 277.5 146 63 36
