2 869 201 34 32
3 707 134 28 20
4 532.5 541 101 89
5 379 541 114 76
6 202.5 541 123 87
7 52 541 102 73
8 530.5 436 79 84
9 399.5 436 81 80
10 270.5 453 97 91
11 125.5 467 109 86
12 53.5 425 105 78
13 429 350 72 76
14 313 373 72 66
15 187 389 90 87
16 339.5 324 63 54
17 251.5 326 65 58
18 353.5 286 55 46
19 287.5 279 55 44
20 383.5 251 43 39
21 308 248 44 38
22 376.5 228 35 36
23 319.5 227 39 34
24 341 208 34 31
25 357 191 36 30
26 399.5 212 59 75
27 133 355 216 161
28 232.5 250 95 92
29 282.5 203 61 70
30 332.5 172 75 66
31 409.5 162 47 46
32 667 134 22 18
33 518 143 22 19
34 96 289 52 35
35 22 316 42 53
36 879.5 229 55 58
38 685.5 153 27 23
39 680.5 173 43 22
40 590.5 162 33 22
41 556.5 182 35 28
42 803 233 56 37
