2 822.5 162 51 28
4 534.5 541 105 87
5 382 541 114 77
6 200.5 541 127 81
7 37 541 72 34
8 531.5 438 77 85
9 400.5 445 83 91
10 262.5 474 101 97
11 117.5 488 113 97
12 22 473 42 71
13 431 353 72 80
14 314.5 381 77 74
15 184 402 96 94
16 342.5 330 65 62
17 251.5 331 67 61
18 354.5 287 59 47
19 288.5 284 57 51
20 381 258 46 41
21 310 254 46 40
22 379 230 40 35
23 320.5 230 39 37
24 342 211 36 33
25 358 194 32 29
26 399.5 209 67 73
27 124.5 373 223 174
28 234.5 252 93 88
29 283 209 78 72
30 335 180 76 68
31 409 165 50 47
43 914 181 40 30
44 13.5 361 25 98
46 875.5 200 37 27
47 302.5 151 67 42
