2 777 146 42 23
4 535 541 106 92
5 380.5 541 115 81
6 185.5 541 107 40
8 530 435 84 87
9 397.5 452 85 91
10 253.5 484 107 104
11 68 541 134 108
13 430.5 348 71 79
14 311 382 78 71
15 171.5 415 101 101
16 341.5 324 65 59
17 250 328 70 59
18 354.5 283 57 47
19 288.5 279 55 49
20 380.5 252 49 40
21 307.5 246 47 36
22 377.5 227 41 36
23 320 225 40 36
24 342.5 207 37 34
25 359 190 32 31
26 398 202 66 70
27 111 401 220 196
28 232 253 96 92
29 283 204 78 71
30 334 174 80 68
31 408.5 168 51 55
46 894 192 60 29
47 348 142 80 37
