2 789.5 151 47 25
4 536.5 541 105 90
5 381 541 112 80
6 192 541 120 61
8 531 438 82 87
9 399.5 448 81 90
10 258 479 106 102
11 90.5 518 125 103
13 430 349 70 76
14 313 381 76 72
15 179 410 96 99
16 341.5 325 63 58
17 250.5 327 67 58
18 354.5 286 55 47
19 289 280 56 47
20 381 254 48 39
21 307.5 251 47 40
22 380 230 42 37
23 321 227 40 36
24 342.5 211 39 33
25 357.5 191 33 30
26 400 207 66 74
27 113.5 385 225 183
28 231 253 96 95
29 281 205 74 70
30 333 177 76 67
31 408.5 165 49 48
46 887.5 195 51 29
47 330.5 149 67 41
