2 775 145 42 23
4 535.5 541 107 93
5 381.5 541 115 82
6 183.5 541 105 34
8 530 435 84 87
9 397.5 453 85 92
10 253.5 485 107 104
11 66.5 541 131 105
13 431.5 348 71 78
14 311 382 78 72
15 170 417 102 101
16 342.5 323 65 58
17 250 327 70 58
18 355 283 58 47
19 289 278 56 49
20 381 251 50 40
21 308 246 48 37
22 378.5 227 41 36
23 320 226 40 37
24 343 207 36 34
25 359 190 32 31
26 398.5 203 65 71
27 110.5 403 219 198
28 231.5 253 99 91
29 283 205 78 71
30 334 173 80 68
31 408 167 52 55
46 894.5 191 61 29
47 350.5 142 79 37
