2 894.5 169 61 27
4 535.5 541 103 86
5 380 541 114 71
6 204 541 120 79
7 52.5 541 103 64
8 531 443 78 85
9 400.5 445 81 84
10 272 462 98 90
11 127 476 106 90
12 55 428 108 78
13 431 356 72 76
14 316 382 72 68
15 187.5 398 87 89
16 342.5 331 61 56
17 254 332 64 56
18 355.5 293 53 49
19 288.5 284 55 45
20 382 258 46 37
21 309 254 42 36
22 379 232 38 33
23 320.5 232 39 35
24 341.5 215 39 32
25 357.5 198 31 30
26 400 210 58 70
27 135.5 362 213 163
28 234.5 256 97 92
29 280.5 211 73 70
30 333 180 80 66
31 409.5 175 45 53
43 909 187 40 30
44 65 373 128 167
46 894 219 54 30
47 259 148 44 40
