2 866 167 60 26
4 535.5 541 107 89
5 381 541 118 74
6 204.5 541 127 84
7 52 541 102 66
8 531 441 82 87
9 399 442 80 86
10 268 462 100 92
11 128 475 106 91
12 48.5 440 95 83
13 431.5 353 71 77
14 315.5 380 75 72
15 187.5 395 91 90
16 340.5 330 63 59
17 252 330 68 60
18 355 286 58 44
19 288 283 56 46
20 381 257 50 42
21 309 253 48 40
22 377.5 228 39 34
23 321.5 228 39 34
24 342 213 38 33
25 357.5 195 33 31
26 400.5 207 67 72
27 138 363 204 171
28 239 253 92 92
29 281.5 206 77 71
30 335 175 76 65
31 410 168 50 50
43 913.5 182 43 31
44 39.5 362 77 125
46 875 208 48 28
47 278.5 147 69 39
