2 748 136 36 22
4 535 541 106 96
5 378.5 541 117 77
8 530 434 78 87
9 396 460 86 96
10 241.5 510 117 112
11 39.5 541 77 38
13 430 349 74 81
14 308 389 82 76
15 147 449 112 113
16 338.5 328 67 60
17 241 334 72 61
18 354 280 54 45
19 289 276 54 47
20 381 250 50 39
21 309 245 46 38
22 380 223 42 34
23 320.5 221 39 35
24 343.5 205 35 32
25 357.5 188 33 32
26 401 201 62 71
27 99.5 440 197 221
28 216.5 262 109 102
29 279.5 202 77 71
30 332 170 78 63
31 410.5 154 45 44
46 901.5 188 65 28
47 371.5 137 75 35
