2 829 162 54 27
4 535.5 541 107 90
5 381 541 118 76
6 203 541 126 82
7 39.5 541 77 41
8 531.5 439 77 86
9 403 446 84 91
10 263 474 100 97
11 120.5 485 111 95
12 27.5 476 53 82
13 432 354 74 79
14 315 382 76 74
15 185.5 401 97 92
16 341 327 66 56
17 251.5 331 67 60
18 355.5 290 59 49
19 288 284 56 50
20 382 259 48 42
21 309 253 44 39
22 379 229 36 34
23 321 230 42 36
24 343.5 213 37 34
25 357 193 32 28
26 401 209 68 72
27 128 369 222 170
28 235 254 90 93
29 282 209 72 74
30 336.5 177 75 67
31 409 167 48 49
43 915 182 42 31
44 18 363 34 106
46 874 200 34 27
47 299 147 66 37
