2 707 119 26 19
4 537.5 541 107 86
5 380 541 106 52
8 531 430 76 85
9 392.5 462 89 91
10 187.5 541 119 46
13 429 350 74 81
14 284.5 430 91 87
15 60 541 118 102
16 325.5 344 71 62
17 213 368 84 71
18 349.5 291 63 52
19 269 298 64 56
20 380.5 250 51 41
21 306 245 46 36
22 378 218 38 32
23 321.5 221 39 36
24 343 201 34 29
25 359 184 30 29
26 401 198 58 71
27 68.5 471 135 210
28 186 290 140 116
29 273.5 203 79 70
30 334.5 167 81 65
31 410.5 153 43 44
46 908 185 66 28
47 406.5 139 69 39
48 878 302 98 51
