2 880 168 64 28
4 535.5 541 109 88
5 382 541 116 75
6 203.5 541 121 85
7 53.5 541 105 66
8 531 441 82 86
9 402.5 445 81 89
10 270 462 94 95
11 127 473 104 91
12 53.5 431 105 80
13 430.5 352 73 78
14 315.5 382 77 71
15 189.5 397 89 91
16 342.5 330 65 59
17 253 330 66 59
18 356 287 58 46
19 288.5 282 53 45
20 381.5 257 49 40
21 309.5 254 47 41
22 379 229 40 34
23 321.5 232 39 37
24 342.5 214 37 35
25 358 195 32 31
26 401 208 62 71
27 137 362 208 168
28 237 254 94 91
29 281 208 76 71
30 333.5 179 77 68
31 411 166 48 48
43 910.5 182 39 28
44 48.5 362 95 141
46 881.5 214 53 31
47 266.5 148 55 38
