2 759.5 138 39 21
4 536 541 110 94
5 381 541 116 80
8 531.5 437 81 90
9 395.5 458 87 96
10 249.5 495 109 108
11 53.5 541 105 71
13 431 349 74 79
14 309 387 80 77
15 161 432 104 105
16 340 323 66 57
17 244 328 76 58
18 355.5 284 57 50
19 289.5 275 57 45
20 381.5 252 49 41
21 309.5 247 45 41
22 380 224 40 36
23 322 223 40 35
24 344 207 36 34
25 357.5 189 31 30
26 400 202 64 72
27 102 421 202 206
28 224.5 254 101 93
29 283 201 80 68
30 334 174 80 69
31 410 158 48 45
46 900 189 64 28
47 363.5 136 69 34
