2 784.5 149 43 24
4 535.5 541 105 90
5 380 541 112 78
6 190 541 112 52
8 531 437 82 86
9 398 450 84 90
10 256.5 479 105 102
11 81 531 132 106
13 430 350 74 80
14 312.5 381 77 71
15 176 412 98 99
16 342 325 64 58
17 248 327 70 58
18 354.5 284 55 46
19 288.5 278 55 47
20 381 252 48 37
21 308 249 46 39
22 378.5 228 43 36
23 321.5 226 39 35
24 342.5 210 39 34
25 358 192 34 32
26 399.5 204 69 71
27 112 392 222 189
28 231.5 252 93 93
29 279.5 204 77 70
30 333 174 80 65
31 410 166 48 50
46 891 194 56 28
47 339.5 147 75 41
