2 871.5 166 61 26
4 535.5 541 103 87
5 380 541 116 75
6 203.5 541 127 83
7 54 541 106 68
8 531 440 82 87
9 402 443 80 88
10 268.5 463 101 97
11 126.5 475 111 93
12 51.5 435 101 84
13 429.5 352 71 77
14 315.5 376 75 66
15 188 395 92 90
16 341.5 327 67 56
17 250 332 70 61
18 356.5 289 53 48
19 288 282 58 47
20 381.5 257 47 40
21 309.5 253 47 40
22 378 230 38 36
23 322 229 40 36
24 343.5 214 37 34
25 357.5 194 29 29
26 400.5 207 65 68
27 136.5 360 211 165
28 238 251 88 86
29 281 208 76 70
30 334 176 80 65
31 410.5 171 45 50
43 912.5 182 39 29
44 42 367 82 136
46 877 210 50 29
47 272 147 58 37
