2 892 168 62 27
4 537 541 104 86
5 382.5 541 113 76
6 204 541 122 83
7 52.5 541 103 67
8 531 442 80 89
9 400.5 443 81 83
10 273 461 96 90
11 127.5 476 105 94
12 55.5 427 109 80
13 431.5 354 71 78
14 316 380 72 67
15 188.5 397 91 91
16 341.5 330 63 59
17 254 327 66 56
18 355 289 54 47
19 288.5 283 55 46
20 382 258 48 40
21 309 255 44 40
22 378.5 232 37 36
23 320.5 233 41 37
24 342 214 40 32
25 358.5 196 33 30
26 401.5 211 61 74
27 140 360 204 165
28 237.5 255 89 93
29 280.5 209 71 71
30 331.5 178 79 67
31 410 170 44 51
43 909 183 40 27
44 61.5 369 121 161
46 891.5 218 53 28
47 259.5 147 45 38
