2 779 146 42 23
4 535 541 106 92
5 381 541 114 80
6 187 541 108 42
8 529.5 436 83 87
9 397.5 452 85 91
10 254 484 106 104
11 69.5 541 137 109
13 430 349 72 80
14 311 382 78 71
15 172 414 100 100
16 341.5 324 65 59
17 249 327 70 59
18 354.5 283 57 46
19 288.5 278 55 48
20 380.5 251 49 39
21 308.5 247 47 37
22 377.5 227 41 36
23 321 225 40 35
24 342.5 209 37 35
25 359.5 190 33 31
26 398.5 203 67 70
27 111 399 220 195
28 232.5 253 95 92
29 282 204 78 71
30 334 173 80 67
31 409 166 50 53
46 893.5 193 59 29
47 347 143 80 38
