2 806.5 155 49 23
4 533.5 541 101 92
5 382.5 541 111 78
6 197.5 541 129 75
8 532.5 441 79 88
9 401.5 445 79 90
10 259.5 476 107 101
11 108 499 116 101
13 430 353 70 81
14 312 378 78 71
15 181 406 96 98
16 340.5 327 67 60
17 251 329 72 60
18 355 286 56 47
19 289 282 60 48
20 381.5 254 47 39
21 309 250 46 37
22 378 226 38 32
23 320.5 230 39 37
24 342 211 34 33
25 358.5 194 33 32
26 400.5 209 63 75
27 116.5 380 231 182
28 234 253 98 91
29 283 208 80 70
30 333.5 177 81 65
31 409.5 162 45 45
43 913 181 40 28
46 881 199 44 29
47 314.5 146 65 37
