2 869.5 167 61 26
4 535.5 541 105 87
5 380.5 541 117 74
6 203.5 541 127 84
7 53 541 104 68
8 531 440 82 87
9 401 444 80 88
10 268.5 463 101 95
11 127.5 475 109 92
12 50.5 437 99 84
13 429.5 353 71 77
14 315.5 379 75 69
15 187.5 395 91 90
16 341.5 328 65 57
17 250.5 331 69 60
18 355.5 287 55 46
19 288.5 282 57 46
20 382 257 48 41
21 308.5 253 47 40
22 378.5 229 39 35
23 322 228 40 35
24 343 214 38 34
25 358 195 30 30
26 401 207 66 70
27 137 361 208 167
28 239 252 90 88
29 281 208 76 71
30 334 176 78 65
31 410.5 170 47 50
43 912.5 182 41 30
44 41 366 80 132
46 876.5 209 49 28
47 275 147 62 38
