2 782 147 42 23
4 535 541 106 90
5 380 541 112 78
6 189 541 112 49
8 531 437 82 86
9 397.5 451 85 90
10 256 480 104 102
11 72.5 541 143 111
13 429 351 76 83
14 312 381 78 70
15 175 413 98 99
16 341 326 64 59
17 246.5 328 71 60
18 354.5 284 55 46
19 287 277 54 47
20 380 250 48 36
21 308.5 247 45 37
22 378.5 226 43 35
23 321.5 225 39 34
24 342.5 210 39 35
25 358.5 192 35 32
26 399 202 70 69
27 111.5 396 221 192
28 233 251 92 92
29 280 203 78 70
30 333.5 173 81 65
31 411 164 46 49
46 891 193 56 27
47 344 147 80 42
