2 888 168 62 27
4 534.5 541 105 86
5 380.5 541 115 78
6 205 541 122 86
7 52.5 541 103 70
8 529 440 82 87
9 400 443 82 87
10 272 459 104 93
11 128 476 104 94
12 55.5 426 109 79
13 432.5 353 71 77
14 316 379 76 69
15 187.5 394 93 87
16 342.5 328 65 56
17 253 331 68 61
18 355 286 56 44
19 287.5 281 55 45
20 382 257 48 40
21 308 255 46 41
22 379 228 40 30
23 321 231 42 36
24 342.5 212 37 31
25 359.5 196 33 31
26 401.5 207 63 70
27 142 358 202 167
28 238 252 92 88
29 282 210 76 73
30 332.5 177 81 65
31 410 167 46 49
43 909 182 40 27
44 57 365 112 153
46 888 214 54 27
47 262 146 50 37
