2 816 160 50 26
4 534.5 541 103 88
5 382 541 112 76
6 199 541 126 80
7 31 541 60 25
8 531.5 437 79 84
9 400 445 84 92
10 261 473 102 96
11 114.5 494 113 99
12 16.5 474 31 61
13 430 354 72 81
14 314.5 381 77 73
15 183 401 96 92
16 343.5 329 65 61
17 251.5 330 67 59
18 354.5 288 57 48
19 289 283 56 49
20 381.5 257 47 41
21 309 252 46 40
22 380 231 40 36
23 322 229 38 36
24 342 211 36 34
25 358 194 32 30
26 400 207 66 72
27 117.5 374 233 174
28 236.5 251 91 88
29 283.5 209 77 71
30 336.5 179 79 68
31 409 164 50 46
43 914 180 40 29
46 877 199 40 27
47 308 148 66 39
