2 844.5 164 59 27
4 536 541 98 87
5 380.5 541 115 76
6 204 541 124 86
7 47 541 92 52
8 531 442 78 90
9 402.5 440 79 85
10 263 471 100 99
11 124.5 480 109 94
12 37.5 463 73 85
13 431.5 352 69 79
14 315 377 74 69
15 187.5 396 87 88
16 342.5 329 65 61
17 252 330 66 59
18 356.5 286 55 46
19 289 282 56 46
20 381.5 261 49 44
21 309.5 255 47 43
22 379 229 36 33
23 321.5 229 37 36
24 342 210 36 33
25 360.5 196 29 33
26 401 209 66 72
27 139 363 204 167
28 236.5 254 95 92
29 283 208 74 70
30 336.5 174 71 62
31 408.5 166 51 49
43 914 182 42 29
44 26.5 367 51 120
46 874 203 42 28
47 288 145 68 37
