2 805 154 48 23
4 534 541 102 92
5 382.5 541 111 78
6 197.5 541 129 74
8 531.5 441 79 88
9 401.5 445 79 89
10 260 477 106 100
11 106.5 501 117 101
13 429.5 353 71 81
14 311.5 379 77 71
15 181 406 96 97
16 341.5 326 67 59
17 251.5 329 71 60
18 355.5 286 57 47
19 288.5 281 59 48
20 382 255 48 40
21 309 250 46 37
22 378.5 227 39 33
23 320.5 230 39 37
24 343 211 34 33
25 359.5 194 33 32
26 400.5 208 63 74
27 116 380 230 182
28 233.5 253 97 91
29 282.5 207 79 70
30 334 177 80 66
31 409.5 162 45 45
43 913 180 40 28
46 881.5 198 45 29
47 316 146 66 38
