2 917.5 190 55 26
3 672 117 18 17
4 535 541 102 86
5 379.5 541 115 70
6 204.5 541 119 78
7 52.5 541 103 63
8 531 443 78 84
9 401.5 446 81 84
10 272 462 98 90
11 127.5 475 107 88
12 55 429 108 78
13 431 358 72 76
14 315 383 72 68
15 188 398 86 88
16 343.5 331 61 55
17 254 333 64 56
18 356.5 294 53 49
19 288 285 54 45
20 382 258 46 36
21 310 255 42 35
22 380 231 38 32
23 320 231 38 34
24 341 215 38 32
25 357.5 199 31 30
26 400 210 58 69
27 134.5 363 215 162
28 232.5 257 99 92
29 281 211 74 69
30 333 181 80 66
31 409.5 177 45 54
33 511 119 16 15
36 855 212 58 51
38 654.5 125 21 17
39 585.5 139 27 20
40 549 121 20 16
41 529.5 130 19 18
42 736.5 189 39 31
43 943 259 36 40
