2 798.5 152 47 23
4 535 541 106 90
5 380 541 112 79
6 193 541 128 70
8 530 440 80 88
9 400.5 445 79 88
10 261 478 104 97
11 100 511 120 102
13 430 350 72 79
14 313 380 76 70
15 180.5 405 97 93
16 341.5 324 65 56
17 252.5 327 65 60
18 355.5 286 57 46
19 288 279 56 46
20 381 255 50 40
21 307.5 251 45 39
22 378 228 40 36
23 321 227 40 35
24 344 211 36 32
25 358.5 193 31 31
26 400 205 64 71
27 112.5 381 223 182
28 233.5 254 95 94
29 281 204 74 69
30 334 178 76 69
31 410 164 48 47
46 884.5 197 49 29
47 322.5 148 69 41
