2 812 158 50 25
4 534 541 102 89
5 382.5 541 111 76
6 198 541 126 78
8 531 438 80 85
9 400.5 445 83 92
10 259.5 473 103 97
11 112 497 114 100
13 430 355 72 81
14 314.5 380 77 72
15 183 400 96 91
16 343.5 328 65 60
17 251 329 68 58
18 355 288 56 48
19 288.5 281 55 47
20 382 256 48 41
21 308 251 46 39
22 379.5 229 39 35
23 322 229 38 36
24 342 211 36 34
25 358 194 32 31
26 399.5 206 65 72
27 117 375 232 175
28 236 251 90 89
29 284.5 208 77 70
30 336 178 80 67
31 409.5 163 49 46
43 914 180 40 28
46 878 198 42 28
47 311.5 146 65 37
