2 715.5 124 29 21
4 536 541 104 94
5 379.5 541 107 66
8 530 434 80 88
9 394.5 463 85 92
10 201.5 541 127 81
13 430 346 72 76
14 293.5 417 87 86
15 74 541 146 132
16 327.5 341 71 64
17 224 356 78 66
18 351.5 287 55 51
19 275.5 289 59 50
20 380 250 48 39
21 308.5 247 47 42
22 380 220 42 35
23 321.5 222 39 36
24 344 203 34 30
25 357.5 186 31 31
26 400.5 202 65 74
27 76 473 150 222
28 195.5 281 129 110
29 278 200 84 70
30 333 167 84 65
31 410 156 48 45
46 907 184 66 26
47 396.5 140 81 39
48 926.5 338 69 56
