2 863 166 60 26
4 535.5 541 107 89
5 381.5 541 117 76
6 203 541 126 83
7 51 541 100 65
8 530 442 80 88
9 400 442 80 85
10 266.5 463 101 93
11 126 476 106 92
12 47.5 443 93 84
13 431.5 353 71 76
14 315 381 76 72
15 186.5 395 91 90
16 341 330 64 60
17 252.5 328 69 58
18 354.5 286 57 45
19 288.5 282 57 46
20 381 257 50 42
21 309 253 48 40
22 378 230 40 35
23 321.5 228 39 34
24 342.5 214 37 34
25 357.5 195 33 32
26 399.5 208 67 73
27 137 363 208 171
28 238.5 253 93 92
29 282 207 76 71
30 335 176 76 66
31 410 168 48 49
43 913.5 182 41 30
44 37.5 364 73 126
46 875 208 48 29
47 278.5 147 67 38
