2 868 167 60 26
4 535.5 541 105 88
5 380.5 541 117 74
6 203.5 541 127 84
7 53 541 104 67
8 531 441 82 87
9 400 443 80 87
10 268.5 462 101 94
11 127 474 108 91
12 49.5 439 97 84
13 430.5 353 71 77
14 315.5 379 75 70
15 187.5 395 91 90
16 341.5 329 65 58
17 251.5 330 69 60
18 356 287 56 45
19 288.5 282 57 46
20 381.5 257 49 41
21 309 253 48 40
22 378.5 229 39 35
23 322 229 40 35
24 343 213 38 33
25 357.5 195 31 30
26 400 208 66 71
27 137.5 361 207 168
28 238 253 90 90
29 281 207 76 71
30 334.5 175 77 65
31 410 169 48 50
43 912.5 182 41 30
44 40.5 364 79 129
46 876.5 209 49 28
47 276.5 148 65 39
