2 876.5 167 63 27
4 536.5 541 109 88
5 380.5 541 115 76
6 204 541 122 83
7 53 541 104 66
8 531 441 80 87
9 402 444 80 88
10 269.5 463 95 96
11 127.5 474 105 91
12 53.5 432 105 80
13 430.5 351 73 78
14 315 380 76 69
15 189 399 90 94
16 343 328 66 57
17 253.5 330 67 59
18 357 288 56 47
19 288.5 282 53 45
20 382.5 258 49 41
21 310 253 46 40
22 379.5 229 41 35
23 321.5 231 39 37
24 343.5 214 39 35
25 358.5 194 31 30
26 400.5 208 63 70
27 135.5 362 211 168
28 235.5 253 95 90
29 282 208 76 70
30 333.5 179 79 68
31 410.5 166 47 47
43 910.5 182 39 29
44 46.5 363 91 139
46 881 213 52 30
47 269 147 58 37
