2 878 167 64 27
4 536 541 110 89
5 380.5 541 115 76
6 204 541 120 83
7 52.5 541 103 65
8 531.5 440 79 86
9 403 444 80 88
10 270 463 94 96
11 127.5 474 103 91
12 54 431 106 79
13 431 351 74 78
14 314.5 380 77 69
15 189 400 90 95
16 343 329 66 58
17 254 330 66 59
18 357 288 56 47
19 288 283 52 45
20 381.5 259 49 42
21 310 252 46 39
22 379 228 42 34
23 321 231 38 37
24 342.5 214 39 35
25 358 194 32 30
26 400.5 208 63 70
27 135.5 362 211 168
28 235.5 253 97 91
29 282 208 76 70
30 333.5 180 79 69
31 410 164 48 46
43 910.5 183 39 29
44 47.5 362 93 140
46 881 213 52 30
47 268 147 58 37
