2 773.5 145 43 23
4 535.5 541 107 92
5 380 541 112 83
6 181.5 541 103 28
8 530 435 82 87
9 398.5 454 85 93
10 254 484 106 103
11 65 541 128 100
13 431 348 72 79
14 310.5 384 79 74
15 169.5 418 103 101
16 343 321 66 56
17 249.5 326 71 57
18 356 282 58 46
19 289 278 56 49
20 380.5 251 51 40
21 307.5 247 47 39
22 378.5 225 41 34
23 322 225 40 37
24 343 207 34 34
25 358.5 191 33 32
26 399 204 64 71
27 109.5 404 217 199
28 229.5 252 101 90
29 282.5 204 79 69
30 334 173 80 69
31 408 166 50 53
46 895.5 191 61 29
47 353 142 78 37
