2 860 203 36 29
3 742.5 145 31 21
4 532.5 541 101 89
5 379 541 114 76
6 202.5 541 123 87
7 52 541 102 73
8 530.5 436 79 84
9 399.5 436 81 80
10 270.5 453 97 91
11 125.5 467 109 86
12 53.5 425 105 78
13 429 350 72 76
14 313 373 72 66
15 187 389 90 87
16 339.5 324 63 54
17 251.5 326 65 58
18 353.5 286 55 46
19 287.5 279 55 44
20 383.5 251 43 39
21 308 248 44 38
22 376.5 228 35 36
23 319.5 227 39 34
24 341 208 34 31
25 357 191 36 30
26 399.5 212 59 75
27 133 355 216 161
28 232.5 250 95 92
29 282.5 203 61 70
30 332.5 172 75 66
31 412.5 152 43 46
32 686 153 28 21
33 544.5 168 31 25
34 172 219 28 22
35 108 235 48 33
36 888 226 58 55
38 703.5 180 35 27
39 759.5 204 51 36
40 671 213 56 34
41 684 267 68 45
42 885 270 82 46
