2 915.5 195 55 31
3 674 118 20 17
4 534 541 102 87
5 379.5 541 115 72
6 203.5 541 121 81
7 52.5 541 103 67
8 530 440 78 84
9 400.5 441 81 82
10 272 458 98 90
11 126.5 473 107 88
12 54 427 106 78
13 430 355 72 76
14 315 379 72 67
15 188 395 88 88
16 342 329 62 55
17 253 330 64 57
18 355 291 54 48
19 288.5 282 55 44
20 382.5 255 45 37
21 309 252 42 36
22 378.5 230 37 34
23 319.5 230 39 34
24 341.5 213 37 32
25 357.5 196 33 30
26 400 210 58 71
27 134 360 216 162
28 232.5 254 97 92
29 281 208 68 70
30 333 177 78 66
31 410.5 173 45 51
33 512 121 18 15
36 857.5 214 57 50
38 657.5 128 21 18
39 592 142 28 21
40 551 120 20 14
41 528 134 20 20
42 742 191 40 29
43 945 257 32 34
