2 928.5 190 65 29
3 667 113 20 16
4 535 541 102 86
5 379.5 541 115 70
6 204.5 541 119 78
7 52.5 541 103 63
8 531 443 78 84
9 401.5 446 81 84
10 272 462 98 90
11 127.5 475 107 88
12 55 429 108 78
13 431 358 72 76
14 315 383 72 68
15 188 398 86 88
16 343.5 331 61 55
17 254 333 64 56
18 356.5 294 53 49
19 288 285 54 45
20 382 258 46 36
21 310 255 42 35
22 380 231 38 32
23 320 231 38 34
24 341 215 38 32
25 357.5 199 31 30
26 400 210 58 69
27 134.5 363 215 162
28 232.5 257 99 92
29 281 211 74 69
30 333 181 80 66
31 409.5 177 45 54
33 511 113 16 13
36 852 208 54 49
38 647.5 118 21 13
39 570.5 132 23 18
40 545 111 18 12
41 529.5 122 17 15
42 725.5 176 33 24
43 938 250 46 37
44 359 133 48 37
