2 815 159 50 26
4 534.5 541 103 88
5 381.5 541 111 76
6 198.5 541 125 79
7 29.5 541 57 22
8 530.5 437 79 84
9 400 446 84 93
10 260 473 102 96
11 113.5 496 113 100
12 15 473 28 58
13 430 355 72 81
14 314.5 381 77 73
15 183 400 96 91
16 343.5 329 65 60
17 251.5 329 67 58
18 354 288 56 48
19 288.5 282 55 48
20 382 257 48 41
21 308 252 46 40
22 380 230 40 36
23 321.5 229 37 36
24 341 211 36 34
25 358 195 32 31
26 399.5 207 65 72
27 117.5 373 233 173
28 237 251 90 88
29 284 209 76 71
30 336.5 178 79 67
31 409 164 50 46
43 914 179 40 28
46 877.5 198 41 27
47 310 148 66 38
