2 856.5 202 35 29
3 745.5 147 33 22
4 532.5 541 101 89
5 379 541 114 76
6 202.5 541 123 87
7 52 541 102 73
8 530.5 436 79 84
9 399.5 436 81 80
10 270.5 453 97 91
11 125.5 467 109 86
12 53.5 425 105 78
13 429 350 72 76
14 313 373 72 66
15 187 389 90 87
16 339.5 324 63 54
17 251.5 326 65 58
18 353.5 286 55 46
19 287.5 279 55 44
20 383.5 251 43 39
21 308 248 44 38
22 376.5 228 35 36
23 319.5 227 39 34
24 341 208 34 31
25 357 191 36 30
26 399.5 212 59 75
27 133 355 216 161
28 232.5 250 95 92
29 282.5 203 61 70
30 332.5 172 75 66
31 412 150 44 44
32 688.5 155 29 20
33 548 171 32 26
34 178 213 26 21
35 115 231 46 33
36 888.5 225 59 53
38 705 184 34 28
39 765.5 206 51 35
40 679.5 219 59 35
41 701 279 70 47
42 895 273 84 46
