2 915.5 194 55 30
3 673.5 118 19 17
4 535 541 102 86
5 379.5 541 115 71
6 204 541 120 80
7 52.5 541 103 65
8 531 442 78 84
9 400.5 444 81 83
10 272 460 98 90
11 126.5 474 107 88
12 54.5 428 107 78
13 430 356 72 76
14 315 381 72 68
15 187.5 397 87 88
16 342.5 330 61 55
17 253 332 64 57
18 356 292 54 48
19 288.5 284 55 45
20 382.5 257 45 37
21 309 254 42 36
22 379 231 38 33
23 320.5 230 39 34
24 341.5 214 37 32
25 358 197 32 30
26 400 210 58 70
27 134 361 216 162
28 233 256 98 92
29 281.5 209 71 69
30 333.5 179 79 66
31 410.5 174 45 52
33 512 120 18 15
36 857.5 214 57 50
38 656.5 128 21 18
39 591 141 28 21
40 551 121 20 15
41 529 133 20 19
42 741 191 40 30
43 945 258 32 35
