2 718 125 30 21
4 535.5 541 105 95
5 379 541 110 65
8 530 433 80 87
9 394.5 462 85 91
10 202 541 128 88
13 430 347 74 76
14 293.5 414 87 85
15 78 541 154 143
16 328.5 340 71 64
17 225 353 78 64
18 353 287 56 51
19 277 286 58 48
20 379.5 250 49 39
21 308 245 46 40
22 380 219 42 31
23 322 223 40 37
24 344.5 203 35 30
25 359.5 186 31 30
26 399.5 202 63 74
27 79 467 156 221
28 198 279 128 108
29 276 203 84 72
30 332.5 169 83 67
31 410.5 156 47 44
46 906.5 185 63 26
47 396 140 80 39
48 937 343 48 47
