2 750.5 136 37 22
4 536 541 106 96
5 380 541 114 80
8 529.5 434 79 88
9 396 460 86 96
10 243.5 506 115 111
11 42 541 82 44
13 429.5 347 71 78
14 307.5 388 81 75
15 150 443 110 107
16 338.5 327 67 60
17 241 334 72 61
18 355 282 56 47
19 289 277 56 49
20 381 252 50 41
21 308 245 46 38
22 379.5 222 41 33
23 320.5 221 39 35
24 343 205 36 32
25 357 188 34 31
26 400.5 201 63 72
27 100.5 436 199 219
28 220 261 110 100
29 280.5 202 79 70
30 333 170 78 64
31 410.5 152 45 42
46 901.5 188 65 28
47 371 136 74 34
