2 717 124 30 21
4 535.5 541 105 94
5 379.5 541 109 65
8 530 433 80 87
9 394.5 462 85 91
10 201.5 541 127 86
13 430 347 74 76
14 293.5 414 87 85
15 76.5 541 151 140
16 328.5 340 71 64
17 224 354 78 65
18 353 287 56 51
19 276 288 58 49
20 379.5 250 49 39
21 308 246 46 41
22 380 220 42 33
23 322 223 40 37
24 344.5 203 35 30
25 358.5 186 31 30
26 400 202 64 74
27 78 469 154 221
28 197.5 280 129 109
29 277 203 84 72
30 332.5 168 83 66
31 411 155 48 44
46 906 185 64 26
47 396 140 80 39
48 933.5 341 55 50
