2 874 167 62 27
4 536 541 106 87
5 381 541 116 75
6 203 541 124 83
7 53.5 541 105 67
8 530.5 440 81 87
9 402 444 80 88
10 269 463 98 97
11 127 474 108 92
12 52.5 433 103 82
13 430 351 72 77
14 315.5 378 75 67
15 188.5 397 91 92
16 342.5 328 67 57
17 252.5 331 69 60
18 356.5 289 55 48
19 287.5 282 55 46
20 382 258 48 41
21 309 253 46 40
22 379 229 40 35
23 322 230 40 37
24 343 214 38 34
25 358 194 30 29
26 400 207 64 69
27 136.5 362 211 167
28 237 252 92 88
29 282 208 76 70
30 334 178 80 67
31 410 168 46 48
43 911.5 182 39 29
44 44 366 86 138
46 879.5 211 51 29
47 270 147 58 37
