2 712.5 122 29 20
4 537 541 106 92
5 380 541 106 60
8 530 433 80 87
9 393 463 88 92
10 198 541 120 72
13 430.5 347 73 77
14 290.5 421 87 89
15 70.5 541 139 124
16 328 341 72 63
17 222 358 82 65
18 351 288 56 51
19 273.5 291 61 51
20 380.5 250 49 41
21 307.5 245 47 38
22 379 220 40 35
23 321 221 40 36
24 343.5 204 37 32
25 358.5 187 33 32
26 400 200 64 72
27 75 471 148 219
28 193.5 283 133 110
29 276 202 80 72
30 334 167 84 64
31 409.5 152 45 42
46 907 184 64 27
47 400 139 78 37
48 917 328 88 55
