2 888 168 62 27
4 535.5 541 105 86
5 381 541 114 78
6 204 541 122 86
7 52.5 541 103 70
8 529.5 441 81 88
9 400 443 82 86
10 272 459 102 92
11 128 475 104 94
12 55.5 427 109 80
13 431.5 353 71 78
14 316.5 379 75 68
15 187 394 92 88
16 342.5 328 65 57
17 253.5 330 67 60
18 355 287 56 45
19 288.5 281 55 45
20 382 257 48 40
21 307.5 255 45 41
22 378.5 229 39 32
23 321 231 42 36
24 342 212 38 31
25 359.5 195 33 30
26 402 208 62 71
27 142 359 202 167
28 238.5 254 91 90
29 281.5 210 75 73
30 332.5 177 81 65
31 411 167 46 49
43 909 182 40 27
44 58 365 114 154
46 889 215 54 27
47 261.5 146 49 37
