2 864.5 200 29 29
3 716.5 137 27 21
4 532.5 541 101 89
5 379 541 114 76
6 202.5 541 123 87
7 52 541 102 73
8 530.5 436 79 84
9 399.5 436 81 80
10 270.5 453 97 91
11 125.5 467 109 86
12 53.5 425 105 78
13 429 350 72 76
14 313 373 72 66
15 187 389 90 87
16 339.5 324 63 54
17 251.5 326 65 58
18 353.5 286 55 46
19 287.5 279 55 44
20 383.5 251 43 39
21 308 248 44 38
22 376.5 228 35 36
23 319.5 227 39 34
24 341 208 34 31
25 357 191 36 30
26 399.5 212 59 75
27 133 355 216 161
28 232.5 250 95 92
29 282.5 203 61 70
30 332.5 172 75 66
31 412 157 42 42
32 673 137 24 18
33 522 151 26 21
34 119 267 44 31
35 45.5 287 63 47
36 883.5 227 55 58
38 689.5 159 29 23
39 704 184 44 29
40 607.5 175 37 26
41 581.5 199 39 30
42 822.5 243 63 40
