2 708.5 121 27 20
4 537.5 541 107 87
5 380 541 106 53
8 530.5 431 77 85
9 393 462 90 90
10 189.5 541 121 53
13 430 349 74 80
14 286.5 427 91 87
15 62.5 541 123 108
16 325.5 342 71 61
17 215 365 84 69
18 350 290 62 51
19 271 296 64 55
20 380.5 251 51 42
21 306 244 46 35
22 378 218 38 32
23 322 221 40 36
24 343.5 202 35 30
25 359 185 30 29
26 400.5 197 59 70
27 71 472 140 214
28 188.5 288 139 114
29 274 203 78 71
30 334.5 167 81 64
31 411 152 44 43
46 907 185 66 28
47 405.5 140 71 39
48 888.5 309 99 52
