2 791 152 46 25
4 536.5 541 105 90
5 381 541 112 81
6 191.5 541 123 62
8 531 438 82 88
9 399 448 80 90
10 259 479 106 102
11 92.5 517 125 102
13 430 350 70 77
14 313 382 76 72
15 180 409 96 99
16 342 326 64 59
17 251.5 327 67 59
18 354.5 286 55 48
19 289.5 279 57 46
20 381 254 48 39
21 307.5 251 47 40
22 380 230 42 37
23 321 228 40 36
24 342.5 211 39 34
25 358 191 32 30
26 400 207 66 74
27 113.5 385 225 182
28 232 253 96 95
29 281 205 72 70
30 334.5 177 75 68
31 409 164 48 47
46 887 196 50 29
47 329 149 66 41
