2 704.5 119 25 19
4 536.5 541 107 83
5 377.5 541 107 49
8 532.5 433 79 90
9 391.5 464 87 96
10 184 541 106 31
13 429.5 352 77 81
14 282.5 436 91 90
15 55 541 108 91
16 324 351 72 67
17 209 372 84 71
18 348.5 293 61 54
19 267 300 64 54
20 380 249 48 40
21 305.5 247 45 40
22 379 221 42 38
23 322.5 221 39 36
24 343.5 203 35 32
25 358.5 187 33 33
26 399 201 60 75
27 64 462 126 195
28 180 295 140 119
29 275.5 204 85 70
30 334.5 168 83 68
31 410 154 42 44
46 911 184 64 28
47 407.5 136 67 36
48 855 290 92 49
