2 757.5 138 39 21
4 535.5 541 109 94
5 381.5 541 115 80
8 531 435 82 89
9 395.5 459 87 97
10 248 497 110 109
11 51 541 100 65
13 431 348 72 78
14 308 387 80 77
15 159 434 104 104
16 340 323 66 57
17 243 329 76 59
18 355 284 58 50
19 290 275 58 46
20 381.5 252 49 42
21 309.5 246 45 40
22 379.5 223 39 35
23 321.5 223 39 35
24 343 206 36 34
25 358 189 32 30
26 400 203 64 73
27 101.5 425 201 209
28 224 254 102 93
29 283.5 201 81 68
30 334 173 80 68
31 409.5 157 47 44
46 900 190 64 29
47 366.5 136 69 34
