2 873 167 62 27
4 536.5 541 105 87
5 380 541 116 75
6 204 541 126 83
7 53.5 541 105 68
8 530.5 440 81 87
9 402 443 80 88
10 269 463 100 97
11 126.5 474 109 92
12 52 434 102 83
13 430 352 72 77
14 315.5 378 75 67
15 187.5 396 91 91
16 342.5 328 67 57
17 251.5 331 69 60
18 356 289 54 48
19 288 281 56 46
20 381.5 258 47 41
21 309.5 253 47 40
22 378.5 230 39 36
23 322 229 40 36
24 344 214 38 34
25 357.5 194 29 29
26 400.5 207 65 69
27 136.5 361 211 166
28 238 252 90 87
29 281 208 76 70
30 334 177 80 66
31 410.5 169 45 49
43 911.5 182 39 29
44 43 367 84 137
46 878 211 50 29
47 271 147 58 37
