2 717 124 30 21
4 536.5 541 105 94
5 380 541 108 66
8 530 434 80 88
9 394.5 462 85 91
10 201.5 541 127 83
13 429.5 346 73 76
14 293.5 416 87 86
15 75.5 541 149 136
16 327.5 341 71 64
17 224 355 78 65
18 352 287 56 51
19 276 288 58 49
20 380 250 48 39
21 308.5 246 47 41
22 380 220 42 34
23 322 223 40 37
24 344.5 203 35 30
25 358.5 186 31 31
26 400 202 64 74
27 77 471 152 222
28 196.5 280 129 109
29 277 201 84 71
30 333 168 84 66
31 410 156 48 45
46 906.5 184 65 26
47 396.5 140 81 39
48 930 340 62 53
