2 861.5 211 39 35
3 770 165 32 25
4 532.5 541 101 89
5 379 541 114 76
6 202.5 541 123 87
7 52 541 102 73
8 530.5 436 79 84
9 399.5 436 81 80
10 270.5 453 97 91
11 125.5 467 109 86
12 53.5 425 105 78
13 429 350 72 76
14 313 373 72 66
15 187 389 90 87
16 339.5 324 63 54
17 251.5 326 65 58
18 353.5 286 55 46
19 287.5 279 55 44
20 383.5 251 43 39
21 308 248 44 38
22 376.5 228 35 36
23 319.5 227 39 34
24 341 208 34 31
25 357 191 36 30
26 399.5 212 59 75
27 133 355 216 161
28 232.5 250 95 92
29 282.5 203 61 70
30 332.5 172 75 66
31 412 151 44 46
32 709 183 34 26
33 592 205 42 29
34 204.5 198 31 23
35 160 200 40 27
36 893 235 64 57
37 39.5 298 77 52
38 738.5 226 53 37
39 818.5 236 59 37
40 792 291 86 49
