2 881.5 168 63 28
4 535.5 541 107 88
5 382 541 116 73
6 203 541 122 87
7 54 541 106 67
8 530.5 440 85 85
9 402 444 82 89
10 270.5 462 95 94
11 127 472 104 91
12 53 431 104 81
13 431 354 72 79
14 316 384 78 74
15 191 394 88 87
16 342 330 64 60
17 253 330 66 59
18 354.5 286 59 44
19 289 282 54 45
20 381.5 256 49 39
21 309 255 48 43
22 378 229 38 33
23 321.5 231 39 36
24 343.5 213 35 34
25 357.5 195 31 32
26 403 209 62 72
27 139.5 361 205 168
28 238 255 90 92
29 281.5 208 77 71
30 333.5 178 75 67
31 411 167 48 49
43 911.5 183 39 28
44 50 363 98 143
46 882.5 215 55 32
47 265.5 148 53 38
