2 861.5 203 47 27
3 750.5 151 33 23
4 532.5 541 101 89
5 379 541 114 76
6 202.5 541 123 87
7 52 541 102 73
8 530.5 436 79 84
9 399.5 436 81 80
10 270.5 453 97 91
11 125.5 467 109 86
12 53.5 425 105 78
13 429 350 72 76
14 313 373 72 66
15 187 389 90 87
16 339.5 324 63 54
17 251.5 326 65 58
18 353.5 286 55 46
19 287.5 279 55 44
20 383.5 251 43 39
21 308 248 44 38
22 376.5 228 35 36
23 319.5 227 39 34
24 341 208 34 31
25 357 191 36 30
26 399.5 212 59 75
27 133 355 216 161
28 232.5 250 95 92
29 282.5 203 61 70
30 332.5 172 75 66
31 412 153 44 47
32 691.5 161 29 24
33 555.5 177 33 24
34 187 210 24 22
35 124.5 224 47 33
36 887.5 227 61 52
38 710 188 38 26
39 776.5 209 51 33
40 700 231 66 36
41 739 304 78 52
42 916.5 283 89 48
