2 857 165 60 26
4 535.5 541 107 89
5 380 541 114 78
6 203 541 124 82
7 49.5 541 97 63
8 531 442 78 89
9 402.5 442 81 85
10 265 464 102 94
11 125.5 478 107 95
12 45 449 88 87
13 431.5 353 69 76
14 315 382 78 72
15 187 394 92 89
16 342.5 330 65 62
17 253 328 70 57
18 355 286 56 46
19 289 282 58 46
20 381 258 50 43
21 309.5 253 47 40
22 379 231 40 36
23 321 229 38 36
24 344.5 214 37 35
25 357 195 32 33
26 398 209 66 74
27 134.5 363 213 171
28 238.5 253 95 91
29 281.5 207 75 70
30 336 177 76 67
31 410.5 168 47 48
43 913 181 40 28
44 34 368 66 128
46 873.5 208 47 31
47 279 147 64 37
