2 864 201 28 30
3 716.5 137 27 20
4 532.5 541 101 89
5 379 541 114 76
6 202.5 541 123 87
7 52 541 102 73
8 530.5 436 79 84
9 399.5 436 81 80
10 270.5 453 97 91
11 125.5 467 109 86
12 53.5 425 105 78
13 429 350 72 76
14 313 373 72 66
15 187 389 90 87
16 339.5 324 63 54
17 251.5 326 65 58
18 353.5 286 55 46
19 287.5 279 55 44
20 383.5 251 43 39
21 308 248 44 38
22 376.5 228 35 36
23 319.5 227 39 34
24 341 208 34 31
25 357 191 36 30
26 399.5 212 59 75
27 133 355 216 161
28 232.5 250 95 92
29 282.5 203 61 70
30 332.5 172 75 66
31 412 158 42 44
32 674 138 24 19
33 523 150 26 20
34 121 265 44 30
35 47.5 286 63 47
36 884.5 227 55 58
38 690 159 30 23
39 706 184 44 29
40 608.5 176 37 26
41 583 201 40 31
42 823.5 243 63 40
