2 711 121 28 20
4 536.5 541 107 89
5 380 541 106 55
8 530.5 432 79 86
9 393 462 90 91
10 193.5 541 117 63
13 430 348 74 78
14 287.5 425 87 90
15 67 541 132 116
16 327 341 72 62
17 219 361 84 65
18 350 289 58 51
19 271.5 293 63 52
20 380 250 50 42
21 306.5 244 47 36
22 378.5 218 39 33
23 321 220 40 35
24 342.5 204 37 33
25 358.5 187 33 32
26 400.5 198 63 70
27 73.5 471 145 217
28 191 285 136 111
29 275 203 78 72
30 334.5 167 83 64
31 410 150 44 40
46 907 184 64 28
47 402.5 139 75 37
48 908 319 106 54
