2 708.5 120 27 20
4 537.5 541 107 87
5 380 541 106 52
8 531 430 76 84
9 393 462 90 90
10 188.5 541 123 49
13 430 350 74 81
14 286 428 92 86
15 61.5 541 121 105
16 325 343 70 61
17 214 367 84 70
18 350 290 64 51
19 270 297 64 56
20 380.5 251 51 42
21 306 244 46 35
22 377.5 218 37 31
23 321.5 222 39 36
24 343 202 34 29
25 359.5 184 29 28
26 401 197 58 70
27 70 472 138 213
28 187 289 140 115
29 274 202 78 70
30 334 166 80 64
31 411 153 44 44
46 907.5 186 67 28
47 405.5 139 69 39
48 883.5 305 99 51
