1 547 114 20 17
2 871 206 50 33
3 865.5 263 65 43
4 533 541 104 94
5 379 541 114 83
6 202 541 122 95
7 53 541 104 78
8 529 432 80 86
9 399 434 78 85
10 270 449 98 92
11 126.5 465 109 90
12 55 421 108 81
13 429.5 348 73 80
14 313.5 372 73 69
15 187.5 387 89 91
16 341 321 64 58
17 251 322 66 59
18 353.5 283 55 48
19 286.5 275 55 46
20 381 247 46 39
21 308 246 46 41
22 377.5 225 37 38
23 319.5 222 39 35
24 342 206 36 33
25 358 186 36 29
26 402 190 58 66
27 133.5 352 217 166
28 232 245 94 92
29 280 200 72 72
30 333 170 76 68
31 376 125 56 37
