2 776 145 42 23
4 535.5 541 107 93
5 381 541 116 81
6 185 541 106 38
8 529 435 84 87
9 397.5 453 85 92
10 253 485 108 104
11 67 541 132 107
13 431 348 70 78
14 311 381 78 71
15 169.5 416 101 101
16 341.5 324 65 59
17 249.5 328 69 59
18 354 283 58 47
19 288.5 278 55 49
20 380.5 251 49 40
21 308 246 48 36
22 377 227 40 36
23 320 225 40 36
24 342 207 36 34
25 358.5 190 31 31
26 398.5 202 65 70
27 111 402 220 197
28 231.5 254 97 92
29 283 204 78 71
30 334 174 80 68
31 408 168 52 56
46 894.5 192 61 30
47 349 142 80 36
