2 763 141 40 22
4 536 541 110 95
5 380 541 116 81
8 531.5 437 79 90
9 396.5 454 87 92
10 250 490 106 105
11 57 541 112 80
13 431.5 349 77 80
14 309.5 385 79 74
15 163 426 104 103
16 340 322 66 57
17 245.5 329 73 58
18 354.5 282 55 48
19 289 276 56 45
20 380.5 253 51 41
21 309 249 46 41
22 379.5 225 43 36
23 321 224 40 36
24 344.5 207 35 32
25 358.5 188 33 29
26 401 202 66 72
27 104.5 416 207 205
28 226.5 255 103 94
29 282.5 200 81 67
30 334 175 80 70
31 410.5 160 49 46
46 899 189 62 26
47 357.5 137 73 35
