2 712.5 121 29 20
4 536 541 106 91
5 380 541 106 58
8 530 433 80 87
9 393.5 462 89 92
10 196.5 541 117 69
13 430.5 347 73 77
14 289.5 422 87 90
15 69.5 541 137 121
16 327 341 72 63
17 220.5 358 83 64
18 351 288 56 51
19 273 292 62 51
20 380 251 50 42
21 306.5 244 47 37
22 379 219 40 34
23 321 220 40 35
24 342.5 204 37 33
25 358.5 188 33 33
26 400 199 64 71
27 75 470 148 218
28 193 283 134 110
29 275.5 202 79 72
30 333.5 167 83 64
31 409.5 150 45 40
46 907 183 64 27
47 401 139 78 37
48 913.5 326 95 55
