2 863 209 42 32
3 780 178 32 27
4 532.5 541 101 89
5 379 541 114 76
6 202.5 541 123 87
7 52 541 102 73
8 530.5 436 79 84
9 399.5 436 81 80
10 270.5 453 97 91
11 125.5 467 109 86
12 53.5 425 105 78
13 429 350 72 76
14 313 373 72 66
15 187 389 90 87
16 339.5 324 63 54
17 251.5 326 65 58
18 353.5 286 55 46
19 287.5 279 55 44
20 383.5 251 43 39
21 308 248 44 38
22 376.5 228 35 36
23 319.5 227 39 34
24 341 208 34 31
25 357 191 36 30
26 395.5 210 63 72
27 133 355 216 161
28 232.5 250 95 92
29 282.5 203 61 70
30 332.5 172 75 66
31 407 147 52 43
32 739 206 44 30
33 646.5 238 51 33
34 221.5 183 23 21
35 194 177 34 22
36 906.5 247 71 62
37 110.5 247 53 35
38 812.5 272 77 44
39 880.5 270 77 45
40 918 380 86 67
