2 860.5 202 39 26
3 755 154 34 24
4 532.5 541 101 89
5 379 541 114 76
6 202.5 541 123 87
7 52 541 102 73
8 530.5 436 79 84
9 399.5 436 81 80
10 270.5 453 97 91
11 125.5 467 109 86
12 53.5 425 105 78
13 429 350 72 76
14 313 373 72 66
15 187 389 90 87
16 339.5 324 63 54
17 251.5 326 65 58
18 353.5 286 55 46
19 287.5 279 55 44
20 383.5 251 43 39
21 308 248 44 38
22 376.5 228 35 36
23 319.5 227 39 34
24 341 208 34 31
25 357 191 36 30
26 399.5 212 59 75
27 133 355 216 161
28 232.5 250 95 92
29 282.5 203 61 70
30 332.5 172 75 66
31 412.5 153 43 46
32 696 164 30 24
33 563 182 34 24
34 193.5 209 29 24
35 134.5 216 45 31
36 890.5 230 61 55
37 12 314 22 39
38 715.5 199 39 29
39 787 218 52 36
40 720 242 70 37
41 779.5 334 93 61
42 924.5 289 73 46
