2 914 195 54 32
3 674 118 20 17
4 533.5 541 101 88
5 379 541 114 75
6 203 541 122 85
7 52.5 541 103 71
8 530.5 437 79 84
9 400.5 438 81 81
10 270.5 454 97 90
11 126 469 108 87
12 53.5 426 105 78
13 429 352 72 76
14 314 376 72 67
15 187.5 392 89 88
16 340 326 62 55
17 251.5 327 65 57
18 354.5 287 55 46
19 287.5 280 55 44
20 382.5 253 43 39
21 308.5 250 43 38
22 378 228 36 35
23 319.5 228 39 34
24 341.5 209 35 31
25 357.5 193 35 30
26 399 211 58 74
27 133 356 216 161
28 232 251 96 92
29 281.5 205 63 70
30 333 174 76 66
31 412 168 46 47
33 512.5 121 19 15
36 858.5 214 57 49
38 658.5 129 21 18
39 594.5 142 29 21
40 552 120 20 14
41 528 135 20 20
42 743 192 40 29
43 946 257 30 33
