2 890 168 62 27
4 536.5 541 105 86
5 382.5 541 113 77
6 203 541 122 85
7 52.5 541 103 69
8 530 442 80 90
9 399.5 442 81 83
10 273 459 98 90
11 128 476 104 95
12 55.5 427 109 81
13 431.5 353 71 78
14 316.5 380 73 68
15 188 396 92 91
16 342 329 64 59
17 253.5 328 67 58
18 354.5 287 55 46
19 288.5 282 55 46
20 382.5 257 49 40
21 308.5 255 45 41
22 378 232 38 36
23 321 232 42 37
24 343 213 40 32
25 359.5 195 33 30
26 402 210 62 74
27 142 360 202 167
28 238 254 88 92
29 281 209 72 72
30 331 177 80 66
31 410 168 44 50
43 909 182 40 26
44 59.5 366 117 157
46 889.5 216 53 27
47 260.5 147 47 37
