2 860.5 200 39 24
3 754 153 34 24
4 532.5 541 101 89
5 379 541 114 76
6 202.5 541 123 87
7 52 541 102 73
8 530.5 436 79 84
9 399.5 436 81 80
10 270.5 453 97 91
11 125.5 467 109 86
12 53.5 425 105 78
13 429 350 72 76
14 313 373 72 66
15 187 389 90 87
16 339.5 324 63 54
17 251.5 326 65 58
18 353.5 286 55 46
19 287.5 279 55 44
20 383.5 251 43 39
21 308 248 44 38
22 376.5 228 35 36
23 319.5 227 39 34
24 341 208 34 31
25 357 191 36 30
26 399.5 212 59 75
27 133 355 216 161
28 232.5 250 95 92
29 282.5 203 61 70
30 332.5 172 75 66
31 411.5 153 43 46
32 696 163 30 23
33 562 181 34 24
34 193 210 30 24
35 134 217 46 31
36 890.5 229 61 54
37 10 313 18 37
38 714 198 38 29
39 786.5 216 51 35
40 717.5 241 69 37
41 773 329 92 60
42 923 288 76 46
