2 839.5 164 59 27
4 534.5 541 103 89
5 382 541 114 78
6 202.5 541 125 86
7 44.5 541 87 47
8 532 439 78 84
9 401.5 441 77 86
10 263 471 100 97
11 121 482 110 95
12 33.5 470 65 87
13 430 351 74 78
14 314 377 76 68
15 187.5 400 93 93
16 344 329 62 60
17 252 330 68 59
18 355.5 289 55 49
19 289 282 56 48
20 381 259 50 41
21 308.5 254 47 41
22 379 230 38 35
23 321 231 38 38
24 342 212 34 33
25 359.5 196 31 32
26 402 209 62 71
27 129.5 364 215 166
28 235.5 255 95 93
29 282 207 74 69
30 335.5 177 75 66
31 409 169 48 50
43 913.5 182 39 29
44 22 366 42 113
46 872.5 203 37 29
47 290.5 144 65 36
