2 754 137 38 22
4 536 541 106 96
5 380.5 541 109 83
8 529.5 434 81 88
9 395.5 461 85 97
10 244.5 500 111 109
11 46.5 541 91 54
13 431 344 68 74
14 307 389 80 75
15 154 434 108 99
16 338 326 66 60
17 242 333 72 61
18 355 285 58 50
19 287.5 277 59 51
20 380 253 50 43
21 308.5 245 47 38
22 377.5 220 39 31
23 321 223 38 35
24 341.5 205 37 32
25 357 188 36 29
26 399.5 202 65 74
27 102 430 202 215
28 224.5 258 111 96
29 283.5 200 83 67
30 333.5 171 79 66
31 409.5 151 45 40
46 900.5 188 65 28
47 371 134 74 32
