2 761 139 40 21
4 536 541 110 94
5 381 541 116 80
8 532 437 80 90
9 395.5 456 87 94
10 249 493 108 107
11 54.5 541 107 74
13 431.5 348 75 79
14 309 386 80 76
15 162 430 104 104
16 340 323 66 57
17 244.5 328 75 58
18 355 283 56 49
19 289.5 275 57 45
20 381 252 50 41
21 310 248 46 41
22 379.5 225 41 36
23 321 224 40 36
24 344 206 36 33
25 358 189 32 30
26 400.5 202 65 72
27 103 420 204 206
28 224.5 254 101 93
29 283 201 80 68
30 334 174 80 69
31 410 158 48 45
46 899.5 189 63 27
47 362.5 136 71 34
