2 861.5 203 33 31
3 726 141 30 23
4 532.5 541 101 89
5 379 541 114 76
6 202.5 541 123 87
7 52 541 102 73
8 530.5 436 79 84
9 399.5 436 81 80
10 270.5 453 97 91
11 125.5 467 109 86
12 53.5 425 105 78
13 429 350 72 76
14 313 373 72 66
15 187 389 90 87
16 339.5 324 63 54
17 251.5 326 65 58
18 353.5 286 55 46
19 287.5 279 55 44
20 383.5 251 43 39
21 308 248 44 38
22 376.5 228 35 36
23 319.5 227 39 34
24 341 208 34 31
25 357 191 36 30
26 399.5 212 59 75
27 133 355 216 161
28 232.5 250 95 92
29 282.5 203 61 70
30 332.5 172 75 66
31 412.5 157 43 45
32 678.5 145 23 21
33 529.5 156 27 22
34 140 248 38 27
35 74.5 263 59 39
36 886.5 228 55 55
38 692.5 165 31 21
39 726 191 48 31
40 627.5 189 43 30
41 611.5 222 49 36
42 843.5 254 67 45
