2 834 163 56 27
4 534.5 541 105 90
5 382 541 116 78
6 202.5 541 125 84
7 42 541 82 44
8 531.5 439 77 84
9 402 443 80 88
10 263 471 100 96
11 120 483 110 95
12 30.5 473 59 85
13 430 352 74 78
14 314 379 76 70
15 185.5 400 95 93
16 342.5 328 63 58
17 252 331 68 60
18 355 290 56 50
19 289 283 56 49
20 381.5 259 49 41
21 309 254 46 40
22 378.5 230 37 35
23 321 230 40 37
24 342.5 212 35 33
25 359 195 32 30
26 401 209 64 71
27 127.5 366 219 167
28 235.5 255 93 93
29 282 207 74 70
30 335.5 178 75 67
31 409.5 169 47 50
43 914 182 40 30
44 19.5 364 37 109
46 872.5 202 35 29
47 294.5 146 65 37
