2 767.5 143 41 23
4 535.5 541 109 94
5 380 541 114 82
8 531.5 435 79 88
9 397 453 86 92
10 252 488 106 104
11 60 541 118 88
13 431 349 76 80
14 309.5 385 79 74
15 166 423 104 102
16 341 321 66 56
17 247 327 72 57
18 355 282 56 47
19 289 277 56 46
20 380 252 52 40
21 308.5 250 47 42
22 379.5 225 43 35
23 322 225 40 37
24 344 207 34 32
25 357.5 189 33 30
26 400.5 203 65 72
27 106.5 411 211 203
28 227 253 104 92
29 282.5 202 81 68
30 334 174 80 70
31 409.5 162 49 48
46 897.5 189 61 26
47 355.5 139 75 36
