2 774 145 42 23
4 535.5 541 107 93
5 381 541 114 82
6 183 541 104 31
8 530.5 435 83 87
9 398.5 454 85 93
10 253.5 485 107 104
11 65.5 541 129 102
13 430.5 348 71 79
14 310.5 383 79 73
15 169 417 102 101
16 342.5 322 65 57
17 249 326 70 57
18 355 282 58 46
19 289 278 56 49
20 380 251 50 40
21 308 247 48 38
22 378.5 226 41 35
23 321 225 40 37
24 342.5 207 35 34
25 359 190 32 31
26 399.5 204 65 71
27 110 403 218 198
28 230 252 100 90
29 282.5 204 79 70
30 334 174 80 69
31 408.5 166 51 54
46 894.5 191 61 29
47 351.5 142 79 37
