2 827.5 162 53 27
4 535 541 106 89
5 381.5 541 117 76
6 202 541 126 82
7 39 541 76 39
8 531.5 439 77 86
9 402 446 84 91
10 263 474 100 97
11 119.5 486 111 95
12 26.5 475 51 79
13 431.5 354 73 79
14 315 382 76 74
15 184.5 401 97 92
16 342 328 66 58
17 251.5 331 67 60
18 355.5 290 59 49
19 288.5 283 57 50
20 382 258 48 41
21 309 254 44 40
22 378.5 229 37 34
23 320.5 230 41 36
24 343.5 213 37 34
25 358 193 32 28
26 401 209 68 73
27 127 370 222 171
28 234 254 90 92
29 283 209 74 73
30 335.5 177 75 67
31 409 167 48 49
43 914.5 182 41 31
44 17 363 32 104
46 874.5 200 35 27
47 299 148 66 38
