2 820.5 161 51 27
4 534 541 104 87
5 381.5 541 113 77
6 200.5 541 127 80
7 36 541 70 32
8 531.5 437 77 84
9 399.5 446 83 92
10 262.5 474 101 97
11 116.5 488 113 97
12 20.5 472 39 68
13 430.5 352 71 80
14 313.5 381 77 74
15 183 403 96 95
16 342.5 331 65 63
17 251.5 331 67 61
18 353.5 287 59 47
19 289 284 58 51
20 380 257 46 40
21 310.5 254 47 40
22 378 230 40 35
23 321 230 38 37
24 342 211 36 33
25 358 195 32 30
26 399.5 209 67 74
27 118 373 234 175
28 235 251 94 87
29 282.5 209 79 71
30 335.5 180 77 68
31 409 165 50 47
43 913.5 181 39 30
44 12 361 22 96
46 875.5 200 37 27
47 303.5 152 67 43
