2 743.5 136 35 23
4 535.5 541 103 94
5 379 541 112 80
8 530 434 80 89
9 395.5 458 85 93
10 238 515 116 111
11 31 541 60 26
13 430 345 72 78
14 305.5 390 83 77
15 140.5 456 119 111
16 335.5 329 71 60
17 240 336 72 61
18 354.5 281 55 45
19 287 276 56 49
20 382 249 48 39
21 309 247 46 41
22 379.5 225 41 36
23 322 221 40 35
24 343.5 205 33 33
25 356.5 186 31 29
26 399.5 200 65 71
27 95 447 188 226
28 216 262 112 101
29 280.5 202 81 69
30 333 170 80 65
31 410 154 46 43
46 903 188 64 30
47 376 136 76 33
