2 887.5 168 63 27
4 534 541 106 87
5 380 541 116 78
6 205 541 122 87
7 52.5 534 103 64
8 528 439 82 86
9 400 443 82 88
10 272 459 106 94
11 127.5 476 103 94
12 55.5 427 109 79
13 432.5 353 71 77
14 315.5 378 77 69
15 187.5 393 93 86
16 342.5 327 65 55
17 253 332 68 62
18 355 286 56 44
19 287.5 281 55 45
20 382 257 48 40
21 308 254 46 40
22 378 227 40 29
23 321 230 42 35
24 342 212 36 31
25 359.5 196 33 31
26 401.5 207 63 69
27 143.5 358 203 167
28 238 252 94 87
29 282 211 78 74
30 333 177 82 64
31 410.5 167 47 49
43 909.5 183 39 28
44 56.5 364 111 151
46 888 214 54 27
47 262.5 146 51 37
