2 837 163 58 27
4 534 541 104 90
5 382 541 114 79
6 202.5 541 125 86
7 43.5 541 85 46
8 533 438 78 82
9 401.5 441 77 86
10 263 470 100 96
11 120 482 110 95
12 32.5 471 63 87
13 430.5 351 75 78
14 313.5 377 77 68
15 187 400 94 94
16 344.5 329 61 60
17 252 331 68 60
18 354 290 54 50
19 288.5 282 55 48
20 381 259 50 40
21 308.5 253 47 40
22 378 230 38 35
23 321 231 38 38
24 341.5 212 33 33
25 359 196 32 32
26 401.5 209 61 70
27 127 363 218 165
28 235.5 255 95 93
29 281.5 207 75 68
30 336 178 76 67
31 409.5 169 47 50
43 913 182 38 29
44 20.5 365 39 111
46 872 204 36 30
47 291 144 64 36
