2 824 163 52 28
4 534.5 541 105 88
5 381.5 541 115 77
6 201 541 126 81
7 37.5 541 73 36
8 531.5 438 77 85
9 401 446 84 91
10 263.5 474 101 97
11 118 487 112 96
12 23.5 474 45 74
13 431 353 72 80
14 314 382 76 74
15 184 403 96 94
16 342.5 329 65 60
17 251.5 330 67 60
18 354.5 288 59 48
19 288.5 284 57 51
20 381.5 258 47 41
21 310 254 46 40
22 378.5 230 39 35
23 321 230 40 37
24 343.5 212 37 33
25 358 194 32 29
26 400 209 68 73
27 125 372 222 173
28 235 253 92 90
29 282 209 76 72
30 335 179 76 68
31 408.5 166 49 48
43 914 181 40 30
44 14.5 362 27 100
46 875 200 36 27
47 301.5 149 67 40
