2 792 151 46 24
4 535.5 541 105 90
5 381 541 112 81
6 191.5 541 127 64
8 530.5 438 81 88
9 399 448 80 90
10 260 479 106 102
11 94 515 124 101
13 430 349 70 77
14 313 382 76 72
15 179.5 409 95 99
16 342 326 64 59
17 251 328 66 61
18 354.5 286 55 48
19 288.5 279 57 45
20 381 254 48 39
21 307.5 251 47 40
22 380.5 230 41 37
23 321 228 40 36
24 341.5 211 39 34
25 358 191 32 30
26 400.5 207 65 74
27 114 383 226 180
28 232 253 96 95
29 281.5 205 71 70
30 335 178 74 69
31 409 162 48 45
46 886 196 48 29
47 328 150 66 42
