2 902.5 198 45 30
3 685.5 125 23 17
4 532.5 541 101 89
5 379 541 114 76
6 202.5 541 123 87
7 52 541 102 73
8 530.5 436 79 84
9 399.5 436 81 80
10 270.5 453 97 91
11 125.5 467 109 86
12 53.5 425 105 78
13 429 350 72 76
14 313 373 72 66
15 187 389 90 87
16 339.5 324 63 54
17 251.5 326 65 58
18 353.5 286 55 46
19 287.5 279 55 44
20 383.5 251 43 39
21 308 248 44 38
22 376.5 228 35 36
23 319.5 227 39 34
24 341 208 34 31
25 357 191 36 30
26 399.5 212 59 75
27 133 355 216 161
28 232.5 250 95 92
29 282.5 203 61 70
30 332.5 172 75 66
31 411.5 165 45 43
32 649.5 122 21 17
33 514 129 18 17
34 35 344 68 55
36 869.5 221 59 53
38 671 139 24 19
39 628.5 155 33 22
40 563.5 137 25 19
41 528 151 24 24
42 769.5 211 45 33
