1 547 114 20 17
2 871 207 50 33
3 861.5 261 65 43
4 533 541 102 91
5 379 541 114 78
6 202 541 122 89
7 52.5 541 103 74
8 529.5 435 79 85
9 400 436 80 82
10 270.5 451 97 91
11 126.5 466 109 87
12 54 424 106 79
13 429.5 349 73 77
14 313.5 373 73 67
15 186.5 388 89 88
16 339.5 324 63 56
17 250.5 324 65 58
18 353.5 284 55 46
19 287.5 277 55 44
20 383 250 44 39
21 307 247 44 39
22 377 227 36 37
23 319.5 225 39 34
24 341.5 208 35 32
25 357 190 36 30
26 402.5 191 59 67
27 133.5 355 217 163
28 232.5 248 95 92
29 281.5 203 65 71
30 332.5 171 75 67
31 377.5 126 57 37
