1 547 114 20 17
2 871 206 50 33
3 866.5 264 65 43
4 533 541 106 96
5 379 541 114 85
6 202 541 122 98
7 53 541 104 80
8 529 431 80 87
9 399 434 78 87
10 270.5 448 99 92
11 126.5 464 109 91
12 55.5 420 109 82
13 429.5 347 73 81
14 312.5 370 73 69
15 187.5 386 89 92
16 341 320 64 59
17 251 322 66 60
18 353.5 281 55 48
19 286.5 273 55 46
20 381 246 48 39
21 307 245 46 42
22 378 224 38 39
23 320.5 221 39 36
24 341.5 204 37 33
25 358 185 36 29
26 402 189 58 66
27 133.5 352 217 168
28 232 244 94 92
29 279 200 76 73
30 333 169 76 69
31 376 125 56 37
