2 788.5 152 47 26
4 536.5 541 105 91
5 380 541 112 79
6 192 541 116 59
8 531.5 438 83 87
9 399.5 448 81 90
10 258 479 106 102
11 88.5 520 125 104
13 431 349 70 75
14 314 381 76 72
15 178.5 409 97 98
16 341.5 326 63 58
17 251 327 68 57
18 354.5 286 55 47
19 289 279 56 47
20 381 254 48 39
21 308.5 250 47 40
22 379.5 230 43 37
23 322 227 40 36
24 342.5 211 39 33
25 357.5 192 33 31
26 399.5 206 67 74
27 113 386 224 184
28 231 253 96 95
29 280.5 204 75 69
30 333 176 78 65
31 408.5 166 49 50
46 888.5 196 53 30
47 331.5 149 67 40
