2 753 137 38 22
4 536 541 106 96
5 380 541 110 82
8 529 434 80 88
9 395.5 461 85 97
10 244 502 112 109
11 45 541 88 50
13 430.5 344 69 75
14 307 388 80 75
15 152.5 437 109 102
16 338 326 66 60
17 242 333 72 61
18 355.5 284 57 49
19 288 277 58 50
20 380 252 50 42
21 308.5 245 47 38
22 379 221 40 32
23 321.5 222 39 35
24 342.5 205 37 32
25 358 187 36 29
26 400 201 64 73
27 101.5 432 201 216
28 222 259 110 97
29 283 201 82 68
30 333.5 170 79 65
31 409.5 152 45 41
46 900.5 188 65 28
47 371 135 74 33
