2 832 163 56 27
4 535 541 106 90
5 381.5 541 117 77
6 202.5 541 125 84
7 41 541 80 43
8 531.5 439 77 85
9 401.5 444 81 89
10 263 473 100 97
11 120 484 110 95
12 29.5 474 57 84
13 431 352 74 78
14 314 380 76 71
15 186 401 96 93
16 342 328 64 58
17 252 331 68 60
18 355.5 290 57 49
19 289 283 56 49
20 382.5 258 49 41
21 308.5 254 45 40
22 378.5 229 37 34
23 321 231 40 37
24 343 213 36 34
25 358 194 32 29
26 401.5 209 65 72
27 127 367 220 168
28 235 254 92 93
29 282.5 208 73 71
30 335.5 177 75 67
31 409 168 48 49
43 914 182 40 30
44 19 364 36 108
46 873.5 201 35 28
47 295.5 146 65 37
