2 813 158 50 25
4 534 541 102 89
5 381.5 541 111 76
6 197.5 541 125 79
7 27.5 541 53 19
8 531 437 80 84
9 400 446 84 93
10 259 473 102 96
11 113.5 497 113 100
12 13.5 473 25 55
13 430 355 72 81
14 314.5 380 77 72
15 183 399 96 90
16 343.5 329 65 60
17 251.5 329 67 58
18 353.5 288 55 48
19 288 282 54 47
20 382 257 48 42
21 308 250 46 39
22 380.5 230 39 36
23 321.5 228 37 35
24 341 211 36 34
25 358 194 32 31
26 399.5 205 65 71
27 117.5 374 233 173
28 237 250 88 88
29 284 208 76 70
30 337 178 80 67
31 409 163 50 46
43 914 179 40 28
46 878 199 42 28
47 311 147 66 37
