2 849.5 165 59 27
4 537 541 106 89
5 380.5 541 113 76
6 204.5 541 121 85
7 50 541 98 57
8 531 441 80 89
9 403.5 444 79 90
10 265 467 100 96
11 125.5 480 105 96
12 40.5 458 79 90
13 432 354 70 80
14 316 380 76 72
15 187 395 92 88
16 342.5 330 63 61
17 252 329 70 59
18 358.5 287 55 46
19 289.5 282 57 45
20 381 260 48 44
21 309.5 253 47 41
22 380 230 38 35
23 320.5 229 37 37
24 343 213 40 35
25 358 197 32 34
26 400 208 64 73
27 136 362 212 167
28 237.5 250 95 88
29 280 210 74 73
30 338 176 76 64
31 409.5 169 51 49
43 912 182 42 29
44 29.5 366 57 121
46 874 207 44 32
47 284 149 66 40
