2 884.5 167 63 27
4 535 541 106 87
5 381 541 116 75
6 204 541 122 87
7 53.5 541 105 69
8 529.5 440 85 86
9 401 444 82 89
10 270.5 461 99 94
11 127 474 104 93
12 54 430 106 81
13 431.5 354 71 78
14 315.5 381 77 72
15 190 393 90 86
16 342 330 64 59
17 252.5 331 67 60
18 355 286 58 44
19 289.5 281 55 45
20 382.5 256 49 39
21 308.5 255 47 42
22 378.5 228 39 31
23 321 231 40 36
24 343.5 213 35 33
25 359 196 32 32
26 402 208 62 71
27 141.5 359 203 167
28 238.5 255 91 91
29 281.5 209 77 72
30 334 177 78 65
31 411 168 48 50
43 910.5 183 39 28
44 53 364 104 147
46 885.5 214 55 30
47 264 147 52 38
