2 804 154 48 23
4 534.5 541 103 91
5 381.5 541 111 78
6 196.5 541 129 73
8 531.5 441 79 88
9 401.5 445 79 89
10 259.5 477 105 99
11 105.5 504 117 102
13 429.5 352 71 80
14 312.5 379 77 71
15 180.5 406 97 96
16 341 325 66 58
17 251.5 328 69 60
18 355.5 285 57 46
19 289 281 58 48
20 382 255 48 40
21 308.5 251 45 38
22 378.5 226 39 33
23 320.5 229 39 36
24 343 211 34 32
25 359 194 32 32
26 400.5 207 63 73
27 115 380 228 182
28 233.5 254 97 92
29 282 206 78 70
30 333.5 178 79 67
31 410 163 46 46
43 913 180 40 28
46 882 198 46 29
47 317.5 147 67 39
