2 864 210 44 33
3 780 176 32 27
4 532.5 541 101 89
5 379 541 114 76
6 202.5 541 123 87
7 52 541 102 73
8 530.5 436 79 84
9 399.5 436 81 80
10 270.5 453 97 91
11 125.5 467 109 86
12 53.5 425 105 78
13 429 350 72 76
14 313 373 72 66
15 187 389 90 87
16 339.5 324 63 54
17 251.5 326 65 58
18 353.5 286 55 46
19 287.5 279 55 44
20 383.5 251 43 39
21 308 248 44 38
22 376.5 228 35 36
23 319.5 227 39 34
24 341 208 34 31
25 357 191 36 30
26 395.5 211 65 71
27 133 355 216 161
28 232.5 250 95 92
29 282.5 203 61 70
30 332.5 172 75 66
31 407 148 52 43
32 737.5 204 43 29
33 643 236 50 33
34 220.5 184 23 21
35 191.5 178 33 22
36 904.5 248 71 63
37 107.5 252 55 39
38 805.5 270 75 45
39 874 267 78 44
40 913 373 96 66
