2 914.5 195 55 32
3 674 118 20 17
4 534 541 102 87
5 379.5 541 115 73
6 203.5 541 121 83
7 52.5 541 103 69
8 530 439 78 84
9 400.5 440 81 82
10 270.5 456 97 90
11 126 470 108 87
12 54 426 106 78
13 429 353 72 76
14 314 377 72 67
15 187 393 88 88
16 341 327 62 55
17 252.5 329 65 57
18 355.5 289 55 47
19 288.5 281 55 44
20 383 254 44 38
21 308.5 251 43 37
22 378 229 36 34
23 319.5 229 39 34
24 341 211 36 31
25 357 194 34 30
26 400 210 58 72
27 133 358 216 161
28 232.5 253 97 92
29 282 207 66 70
30 333.5 175 77 66
31 410.5 170 45 49
33 512.5 121 19 15
36 858.5 213 57 49
38 657.5 128 21 18
39 593 142 28 21
40 551 120 20 14
41 528 135 20 20
42 743 191 40 29
43 945.5 258 31 34
