2 754 138 38 22
4 536 541 106 96
5 381 541 110 83
8 529.5 435 81 89
9 396 460 86 97
10 245.5 500 111 109
11 47.5 541 93 57
13 430.5 345 69 75
14 307 388 80 75
15 155.5 434 107 100
16 338 325 66 59
17 242.5 332 73 60
18 355 284 58 50
19 288 277 58 50
20 381 252 50 42
21 308 246 46 39
22 378.5 221 39 32
23 321.5 223 39 35
24 342.5 206 37 33
25 357.5 188 35 29
26 399.5 201 65 73
27 101.5 430 201 214
28 224.5 257 109 95
29 283 200 82 67
30 333.5 171 79 66
31 409.5 152 45 41
46 900.5 188 65 28
47 369 134 72 32
