2 796 151 46 23
4 536 541 106 90
5 381 541 112 81
6 192.5 541 129 68
8 530.5 439 81 88
9 400 446 80 89
10 260.5 479 105 100
11 98 512 122 101
13 429.5 350 71 78
14 313 381 76 71
15 180 407 96 96
16 341 325 64 58
17 252 327 66 61
18 355 286 56 47
19 288.5 280 57 46
20 381.5 254 49 39
21 308 251 46 39
22 379 229 40 36
23 321 228 40 36
24 343 211 38 33
25 359 191 32 30
26 400 206 64 72
27 113.5 382 225 180
28 233 253 96 94
29 280.5 205 71 70
30 334 178 74 70
31 409.5 162 47 45
46 885 197 48 29
47 325 149 68 42
