2 773 144 42 23
4 535.5 541 107 92
5 380.5 541 111 83
6 180 541 102 25
8 531 435 82 87
9 398 454 84 93
10 254 485 106 103
11 64 541 126 97
13 431 349 72 80
14 310 385 80 75
15 168.5 419 103 101
16 343 320 66 55
17 248.5 325 71 56
18 356 282 58 46
19 288 278 56 49
20 381 251 52 40
21 307.5 248 47 40
22 378.5 225 41 34
23 322 226 40 38
24 343 207 34 34
25 358.5 191 33 32
26 400 204 64 71
27 108.5 405 215 199
28 228.5 251 103 89
29 283 204 80 69
30 334 173 80 69
31 409 164 50 51
46 895.5 190 61 28
47 353.5 143 77 38
