2 841.5 164 59 27
4 535.5 541 101 88
5 381.5 541 115 77
6 203 541 124 86
7 45.5 541 89 50
8 532 441 78 87
9 402 441 78 86
10 263 471 100 98
11 122.5 481 109 94
12 35.5 466 69 86
13 430.5 351 71 78
14 314.5 378 75 69
15 187 398 90 91
16 343.5 328 63 60
17 251.5 330 67 59
18 355.5 288 55 48
19 289 282 56 47
20 381.5 259 49 42
21 308.5 255 47 42
22 378.5 230 37 34
23 322 230 38 37
24 342.5 211 35 33
25 360 197 30 33
26 401 209 64 72
27 134.5 364 209 167
28 235.5 254 95 92
29 283 207 74 69
30 336.5 176 73 64
31 408.5 167 49 49
43 913 182 40 29
44 24.5 367 47 117
46 873.5 204 39 29
47 289 145 66 37
