3 265.5 541 207 141
4 501.5 332 101 77
5 657.5 207 67 43
9 333 371 124 88
10 496.5 255 87 56
14 442.5 188 77 31
15 499 168 66 28
16 553.5 152 55 28
17 591 141 48 27
18 364.5 214 87 39
19 236 231 102 43
20 348 199 80 37
21 430 176 66 32
22 484.5 157 59 32
23 545 136 52 28
24 499.5 136 51 26
31 84.5 475 167 132
33 83 269 136 54
36 271 252 104 44
37 430 235 86 61
39 919 401 84 74
41 592.5 169 61 37
42 120.5 300 139 59
43 443 150 62 26
44 632 185 66 38
45 366 169 66 26
46 723 138 52 26
47 802 131 48 24
