1 531.5 294 101 82
2 599.5 232 75 60
3 690.5 188 65 47
4 737.5 165 53 34
5 776 148 46 32
6 457 268 98 63
7 533.5 229 77 49
8 601 190 64 46
9 656.5 166 51 35
10 712.5 154 55 33
11 337 279 114 61
12 463 233 194 112
13 602 168 58 39
14 451 192 78 37
15 522 170 64 32
16 557.5 150 49 29
17 592 137 46 26
18 367.5 215 93 42
19 237.5 227 103 42
20 342 197 70 38
21 429 176 68 33
22 490 153 72 32
23 545 134 48 27
24 496.5 131 45 24
25 903.5 398 115 74
31 661.5 149 61 34
32 928 460 66 81
33 84 272 134 58
34 481 498 240 96
35 598.5 399 207 94
36 272 249 108 49
37 727.5 131 55 30
38 577.5 541 271 61
39 124 408 190 77
