1 532 292 96 80
2 597 235 72 63
3 691 186 66 45
4 738.5 161 53 33
5 777 146 48 29
6 457.5 268 95 65
7 532 228 78 50
8 599.5 189 67 47
9 657 166 52 36
10 712.5 151 55 34
11 336.5 279 111 64
12 462 230 190 113
13 600.5 163 55 35
14 448 191 84 40
15 519 167 72 36
16 554.5 148 55 30
17 591.5 137 47 28
18 364.5 214 89 44
19 236.5 227 101 44
20 349.5 197 83 41
21 431.5 180 81 40
22 489 157 74 39
23 545.5 135 53 31
24 499 133 46 28
25 921.5 396 79 75
31 663 148 62 35
33 84 266 132 54
34 719.5 489 237 96
35 745 393 208 91
36 271.5 249 107 48
37 721.5 134 55 33
39 441 407 188 82
40 676 541 276 50
42 45.5 311 89 49
