1 535 289 96 80
2 604.5 226 71 56
3 691.5 183 63 45
4 739.5 157 47 32
5 780 143 48 32
6 461.5 262 97 61
7 532.5 224 75 48
8 602 185 68 46
9 659 163 56 36
10 712.5 147 55 33
11 335.5 278 113 65
12 464.5 227 193 112
13 602.5 163 59 39
14 345.5 215 81 39
15 512.5 161 63 33
16 556 142 56 28
17 591.5 133 51 27
18 138.5 262 125 49
19 236.5 220 99 40
20 346.5 189 73 34
21 426 172 74 34
22 486.5 150 63 34
23 545 129 52 30
24 322.5 178 79 37
25 253 418 196 80
26 547 504 218 98
27 782 417 204 85
30 187 501 240 95
31 755 130 56 30
