1 479 337 110 95
2 561.5 260 79 68
3 677.5 197 65 49
4 731.5 163 49 33
5 775 146 48 29
6 337 361 118 95
7 469 259 92 55
8 586.5 195 65 48
9 651 168 54 36
10 712 151 52 32
12 306.5 311 273 155
13 570 172 64 35
14 443 188 74 35
15 501 167 62 32
16 554 149 54 29
17 592 136 46 28
18 360.5 224 89 44
19 235 227 96 42
20 347 201 92 42
21 428.5 171 65 30
22 486 151 56 31
23 548 133 50 27
24 498.5 131 49 24
31 647 152 60 33
33 83 268 132 55
35 869 395 184 91
36 269.5 261 103 47
37 717.5 132 57 29
39 591.5 405 181 79
41 781 122 54 24
42 117.5 293 125 54
43 436.5 149 61 26
44 803 131 60 23
45 203 216 96 40
