1 533.5 291 97 83
2 600 229 72 60
3 691 187 64 50
4 737.5 161 49 37
5 777.5 143 47 31
6 457 269 92 70
7 536.5 223 75 49
8 600.5 188 67 48
9 656.5 163 55 36
10 712 145 54 31
11 334.5 270 107 55
12 464 229 196 115
13 602.5 158 55 34
14 404 202 64 36
15 527 162 62 34
16 556 142 54 28
17 591 131 50 28
18 200 249 116 50
19 237 216 98 38
20 346.5 193 71 40
21 433.5 166 65 32
22 483.5 146 59 34
23 545 130 54 31
24 392 154 70 30
25 460 411 198 79
26 762.5 481 207 95
27 912.5 412 97 81
30 406.5 502 239 100
31 706.5 127 63 24
32 70 421 138 75
33 17.5 280 33 45
