1 516 302 108 83
2 589 238 72 61
3 684 189 66 46
4 737 164 52 36
5 777 144 46 30
6 425 287 108 70
7 506 239 82 52
8 599 188 64 46
9 656 164 52 34
10 711.5 148 53 31
11 184 396 140 104
12 408 261 216 133
13 599 161 56 33
14 449 196 78 40
15 502.5 163 61 31
16 552.5 149 55 30
17 591.5 134 47 25
18 366 216 88 37
19 236 223 100 41
20 351 197 80 40
21 435 179 74 39
22 485 154 62 36
23 542.5 133 43 29
24 498 131 48 26
31 663 146 60 32
33 84.5 272 135 60
34 928 463 66 78
35 797 395 206 92
36 271 245 108 43
37 720.5 130 55 29
39 492 409 186 83
41 783 120 60 23
42 113.5 295 141 56
43 393 161 72 30
44 805.5 127 57 21
45 25.5 253 49 39
