1 495 317 112 87
2 573 251 76 66
3 678.5 193 67 49
4 734.5 162 51 34
5 776.5 143 45 27
6 373 324 110 82
7 485 245 84 48
8 596 189 66 43
9 654.5 165 55 33
10 712 150 52 32
11 56 541 110 120
12 345.5 295 253 151
13 580 166 58 33
14 441.5 189 79 32
15 502 166 66 34
16 554 148 56 31
17 592.5 134 47 27
18 362 226 88 43
19 240.5 227 109 44
20 343.5 196 91 39
21 424.5 176 69 33
22 486 151 58 33
23 547 136 52 31
24 499 129 46 23
31 655.5 144 63 28
33 86.5 271 135 59
35 859.5 398 203 95
36 274 254 102 46
37 719.5 130 55 30
39 561 405 184 81
41 783.5 118 59 22
42 118 294 144 56
43 433 151 62 27
44 805 128 60 21
45 152 222 102 36
