1 532.5 293 97 81
2 603 230 70 57
3 691.5 187 65 46
4 739 162 52 33
5 778.5 143 45 30
6 457 272 92 68
7 533.5 223 73 45
8 599 185 64 43
9 657.5 163 51 34
10 714 148 52 31
11 336 279 112 61
12 462.5 232 191 114
13 601.5 162 57 35
14 447.5 185 61 32
15 502 170 68 32
16 552.5 145 53 26
17 592.5 133 45 24
18 343.5 218 93 43
19 237 225 102 43
20 343.5 191 67 34
21 421.5 177 69 35
22 481 147 58 29
23 544.5 135 55 30
24 472.5 139 51 28
25 766.5 397 189 71
26 943.5 434 35 66
30 773.5 509 245 100
31 662.5 146 59 32
32 389.5 432 203 81
33 65.5 272 129 55
34 125.5 504 249 96
35 102.5 404 203 88
36 81.5 303 135 53
