2 406.5 429 129 130
3 612 239 84 63
4 695 182 56 37
5 765.5 152 53 31
7 84.5 541 167 108
8 404.5 303 103 78
9 604.5 191 65 40
10 677 163 56 34
12 74 475 146 203
13 395 251 92 55
14 442.5 192 75 42
15 500.5 168 63 33
16 552.5 152 59 30
17 593 138 48 28
18 366 213 92 38
19 236.5 232 99 47
20 346 192 76 32
21 429 174 66 32
22 487 152 60 31
23 545 135 52 28
24 497 133 54 26
31 542.5 188 71 45
33 85 268 134 55
35 933 386 56 81
36 272 250 108 47
37 649.5 150 59 36
39 718.5 404 187 81
41 759.5 125 61 23
42 121.5 285 145 45
43 443 147 58 26
44 795.5 129 49 20
45 348.5 177 79 30
