1 534.5 287 97 77
2 602.5 228 71 61
3 691.5 182 65 45
4 737.5 159 49 33
5 777.5 142 49 30
6 456.5 269 93 68
7 532 223 72 49
8 602 181 66 41
9 657.5 161 49 34
10 712 144 48 30
11 336 277 114 63
12 465 229 194 112
13 601.5 159 57 36
14 441 188 74 33
15 499 163 72 30
16 553 144 60 30
17 591 132 52 25
18 297 230 108 42
19 234 220 98 39
20 342.5 194 69 41
21 423.5 173 69 36
22 479.5 148 61 32
23 545.5 130 53 29
24 442 143 52 29
25 665.5 402 189 73
26 895 456 132 89
30 613.5 500 237 95
31 672.5 137 57 28
32 239 426 196 75
33 45.5 275 89 53
34 57.5 506 113 99
35 32 402 62 83
