1 410.5 415 129 126
2 530 290 94 80
3 663 206 74 53
4 722 167 54 32
5 773.5 146 53 29
6 194 527 172 153
7 384.5 316 111 73
8 546 215 80 50
9 643 175 56 39
10 706 154 56 33
12 191.5 398 343 218
13 523.5 188 73 38
14 444 191 78 40
15 500.5 167 67 32
16 553.5 151 59 33
17 590.5 137 53 27
18 361 215 100 45
19 239 226 104 41
20 345.5 197 81 38
21 430 175 66 35
22 486 148 58 29
23 548 133 54 29
24 500.5 130 51 22
31 617 156 68 32
33 83.5 273 129 59
35 888.5 396 145 92
36 265 262 128 54
37 703 134 58 28
39 638.5 403 187 80
41 780.5 121 61 23
42 115 303 136 64
43 440.5 146 61 23
44 799 130 62 23
45 279 193 78 34
