1 532 290 98 82
2 600 230 72 61
3 691.5 186 69 48
4 739 158 50 32
5 776.5 141 45 28
6 456.5 265 93 64
7 531.5 220 79 46
8 601.5 183 65 44
9 656 161 52 35
10 713.5 144 51 29
11 338 273 114 59
12 464 228 190 113
13 603 160 58 35
14 446.5 186 71 35
15 497.5 167 65 32
16 551.5 142 53 27
17 590 131 46 26
18 256.5 238 111 45
19 237 222 100 43
20 340.5 192 67 37
21 422 172 68 34
22 481.5 148 59 35
23 543.5 129 55 31
24 425 148 60 30
25 586 408 192 81
26 860 473 202 98
30 529.5 501 239 98
31 683 139 56 31
32 156.5 427 197 81
33 32.5 274 63 47
