3 507.5 327 111 92
4 630 225 70 48
5 730.5 166 57 32
9 516 242 80 49
10 607.5 195 67 43
13 141.5 414 151 106
14 444 191 74 36
15 499 169 68 31
16 551.5 150 53 28
17 592.5 138 51 25
18 365 217 88 43
19 236 228 100 40
20 348 201 78 38
21 430.5 180 67 36
22 486 151 56 29
23 546.5 138 51 30
24 498.5 134 49 25
31 404 254 96 59
33 83.5 273 137 57
36 272 251 106 45
37 575 175 64 42
39 828 404 182 78
41 685.5 140 59 28
42 122 296 138 53
43 441 151 58 28
44 732.5 147 55 28
45 363 173 74 27
46 798.5 127 55 25
