1 532.5 290 99 78
2 600.5 232 73 60
3 691.5 186 67 45
4 738.5 161 49 33
5 778.5 148 47 33
6 457.5 270 97 66
7 532.5 228 73 49
8 601 187 70 45
9 658 165 54 35
10 712 152 56 33
11 337 281 116 64
12 463 231 194 112
13 601.5 161 59 33
14 456.5 186 89 37
15 522.5 161 63 31
16 555.5 147 53 28
17 593 137 48 28
18 367 211 94 40
19 236.5 227 101 44
20 347.5 195 77 39
21 430.5 179 79 38
22 489.5 154 73 34
23 547 139 52 34
24 498 134 48 29
25 920 398 82 76
31 664 145 60 32
33 83.5 273 133 61
34 590 497 240 101
35 714 394 208 92
36 271 250 108 49
37 721.5 132 53 31
38 924 541 74 66
39 324 408 192 81
40 221 541 282 71
