1 531 295 98 83
2 600.5 230 71 57
3 691 188 66 46
4 739.5 163 51 34
5 777.5 147 45 31
6 458 270 96 66
7 533 227 76 47
8 600 189 66 45
9 657 165 52 33
10 713.5 151 53 32
11 336.5 283 113 67
12 463 233 194 113
13 602 166 60 38
14 454 191 88 42
15 521.5 170 75 38
16 553 150 60 29
17 592.5 137 49 27
18 367 213 90 40
19 234 226 102 43
20 347 196 74 39
21 436 178 82 37
22 490.5 156 77 35
23 547.5 135 55 30
24 500 133 50 27
25 919 398 84 74
31 662.5 147 61 33
33 83.5 271 137 56
34 554.5 500 243 101
35 690 394 208 92
36 272 248 104 47
37 721.5 130 55 30
38 861.5 541 199 68
39 269 406 194 76
40 125 541 248 80
