1 532.5 291 99 83
2 601 230 72 61
3 692 186 68 49
4 738.5 158 49 33
5 777.5 141 45 29
6 457 265 94 64
7 532 220 78 46
8 599.5 183 65 44
9 656.5 161 51 34
10 714 143 52 28
11 337 272 112 58
12 464 227 192 113
13 603 160 58 36
14 442.5 190 69 36
15 504.5 165 65 34
16 552 144 54 29
17 591 131 48 26
18 251 239 112 43
19 237 220 100 41
20 342.5 193 69 38
21 421.5 172 69 35
22 482 149 60 35
23 545 129 54 30
24 423 149 62 31
25 574 408 194 80
26 849 471 196 94
30 518.5 501 239 99
31 685 138 58 32
32 145.5 426 197 79
33 31 274 60 45
