1 533 287 98 80
2 601.5 226 75 58
3 692 185 66 48
4 738.5 159 53 36
5 786.5 138 51 29
6 457.5 261 95 60
7 532.5 220 75 46
8 601 180 70 43
9 655.5 158 55 32
10 711.5 143 53 29
11 337 270 108 56
12 463 225 188 112
13 600.5 159 59 37
14 230 254 114 46
15 502.5 161 63 34
16 556.5 139 49 26
17 591.5 130 49 28
18 116 259 120 45
19 236 213 102 36
20 342.5 190 69 38
21 429.5 166 61 33
22 487 148 64 35
23 547.5 128 53 30
24 215 197 96 37
25 56.5 410 111 75
26 241 518 232 102
27 556 420 206 86
28 855 490 212 95
29 940 383 42 72
30 27.5 494 53 77
