3 395 446 154 138
4 565 277 82 61
5 691.5 186 61 37
9 428.5 303 103 69
10 547 225 76 48
14 443.5 190 75 34
15 501 172 66 33
16 553 153 56 30
17 591.5 140 49 26
18 365.5 217 89 41
19 236 228 100 40
20 346.5 200 77 37
21 431 176 64 32
22 486.5 154 59 32
23 546.5 135 51 28
24 500 132 46 24
31 247 345 132 83
33 84.5 272 137 55
36 272 252 106 47
37 501.5 201 73 47
39 892 401 138 73
41 631 157 58 34
42 121.5 299 135 57
43 438.5 150 53 26
44 678.5 167 59 33
45 366 173 72 29
46 755.5 133 53 27
47 832.5 126 51 25
