3 499 336 116 96
4 623.5 230 69 50
5 728 168 56 33
9 511 246 80 50
10 602 198 68 44
13 122 428 156 110
14 444 192 74 37
15 499 170 66 33
16 555.5 151 59 29
17 591.5 139 49 25
18 364 216 88 41
19 236.5 231 101 43
20 347.5 199 79 36
21 429.5 177 67 34
22 486 152 58 30
23 546.5 136 51 29
24 498 135 50 26
31 391.5 259 97 60
33 84.5 271 137 55
36 271.5 253 105 49
37 570 178 66 42
39 836 401 180 75
41 679.5 142 57 29
42 122 298 138 55
43 439.5 152 55 28
44 727.5 149 55 29
45 362.5 170 71 24
46 793.5 128 55 26
