1 527 295 98 81
2 593.5 239 69 64
3 687.5 189 67 48
4 737 163 52 35
5 775 143 46 27
6 443 276 100 68
7 522.5 230 77 49
8 598.5 186 67 44
9 656 164 56 34
10 712.5 149 55 32
11 275.5 318 123 74
12 445 241 200 119
13 599.5 163 53 36
14 445.5 195 81 37
15 508 176 70 37
16 552 147 56 29
17 591 137 48 28
18 364.5 215 87 41
19 237 225 104 42
20 344.5 193 71 35
21 414 172 68 32
22 480 156 72 38
23 546.5 130 41 24
24 499 127 42 22
25 935.5 389 51 63
31 661.5 145 61 30
33 84.5 267 137 57
34 884.5 477 153 93
35 753 397 204 96
36 271 245 106 46
37 721 131 54 30
39 462 403 190 77
41 784 118 62 21
42 100 297 142 56
43 297 185 78 33
44 806 128 58 23
