1 531.5 293 99 81
2 594 235 74 59
3 688.5 187 67 45
4 738.5 163 51 35
5 776 144 46 28
6 451.5 273 97 70
7 532.5 227 77 49
8 600.5 185 65 42
9 657 163 54 32
10 711.5 148 53 29
11 321.5 290 115 66
12 460.5 233 193 113
13 601.5 161 57 33
14 439.5 194 83 38
15 506 175 76 36
16 553 148 58 29
17 592 137 46 29
18 363 211 84 41
19 237 224 100 42
20 345 196 74 40
21 428 178 74 38
22 489.5 159 75 40
23 543.5 137 55 32
24 499.5 133 47 26
25 923.5 395 75 71
31 663 149 60 36
33 85 265 136 55
34 837 484 248 98
35 742 395 210 93
36 270.5 247 109 48
37 720 128 56 27
39 460.5 406 189 82
40 926.5 541 69 45
41 779 123 54 26
42 73.5 303 145 55
43 160 217 104 38
44 815.5 128 53 25
