1 532 288 98 82
2 600.5 225 71 59
3 690 182 66 47
4 739 157 48 35
5 787 134 48 29
6 458.5 257 93 56
7 532.5 219 75 48
8 597 181 62 44
9 656.5 159 53 34
10 709.5 143 49 31
11 335.5 265 113 50
12 463 223 190 113
13 604.5 156 55 37
14 190 266 122 52
15 468.5 167 71 36
16 545.5 140 63 30
17 591.5 127 45 26
18 107.5 260 119 44
19 236 217 96 42
20 341 189 68 38
21 422.5 169 63 37
22 482 144 56 34
23 541 127 50 28
24 176 209 90 41
25 21.5 404 41 57
26 153 521 232 98
27 486.5 426 205 90
28 780.5 495 207 99
29 912.5 398 97 88
