2 229.5 541 131 48
3 551.5 288 99 80
4 657.5 206 61 43
5 746.5 159 55 33
8 190.5 493 169 147
9 552 223 72 47
10 636 181 62 39
13 247.5 336 119 77
14 443 189 74 36
15 500 167 66 32
16 552.5 153 55 31
17 591.5 139 53 27
18 364.5 215 89 42
19 237 227 102 41
20 346.5 200 77 39
21 432 175 66 34
22 484 152 58 30
23 548 136 54 28
24 499.5 132 49 24
31 462.5 223 87 49
33 86 272 132 57
36 271 252 106 49
37 606 162 62 38
39 785.5 403 181 76
41 714 134 56 27
42 123.5 300 139 58
43 439 152 56 29
44 756.5 142 57 27
45 359 172 74 27
