1 534 292 98 80
2 602 231 74 60
3 691 187 64 47
4 738.5 161 51 34
5 777 142 46 28
6 458.5 268 93 64
7 533.5 228 75 52
8 600 187 70 44
9 656.5 164 53 35
10 714 148 52 29
11 336.5 281 115 62
12 463 227 194 107
13 602 165 56 37
14 446 189 64 32
15 504.5 171 69 32
16 552 147 58 27
17 590 135 50 26
18 357 207 82 34
19 236 225 100 41
20 345.5 195 73 38
21 416 175 68 34
22 483 154 58 34
23 547 132 46 28
24 488 135 48 27
25 830 399 190 76
30 912.5 508 97 101
31 663 151 58 37
32 528.5 436 199 82
33 84.5 269 131 55
34 251 503 246 96
35 221.5 402 215 89
36 213 266 116 48
37 765.5 127 55 30
