1 533 290 96 78
2 595.5 235 73 61
3 690 186 66 45
4 739.5 164 51 35
5 776 146 46 30
6 458 268 96 64
7 532 226 72 47
8 600 187 66 43
9 658.5 167 53 36
10 712 154 54 35
11 337 279 116 63
12 462 233 190 117
13 601 164 58 36
14 453 191 86 41
15 515.5 167 73 38
16 555 148 56 31
17 591 136 48 27
18 369.5 211 97 43
19 236.5 226 99 43
20 347.5 195 79 39
21 429 177 80 37
22 486.5 155 73 36
23 546 137 54 32
24 499.5 133 49 27
25 921.5 397 79 75
31 664 152 62 39
33 83 266 132 54
34 736 489 240 96
35 743.5 396 209 93
36 271.5 247 107 46
37 720 132 56 31
39 447 404 188 78
40 731.5 541 277 49
41 780.5 129 57 30
42 50 312 98 51
