1 532.5 289 97 80
2 602 229 70 60
3 692 188 64 49
4 738 159 50 33
5 778.5 143 45 29
6 460.5 266 97 67
7 533 223 80 48
8 601 185 66 44
9 658.5 163 53 36
10 713 147 54 30
11 336 275 110 63
12 463 227 192 111
13 602.5 160 57 35
14 363.5 206 71 38
15 520 166 64 37
16 554.5 143 53 30
17 592.5 132 47 26
18 153 257 120 47
19 236 224 98 44
20 344 193 70 38
21 430.5 176 69 39
22 480.5 151 65 36
23 543.5 133 57 32
24 344 172 78 35
25 312 415 200 80
26 615.5 496 211 95
27 834.5 419 199 89
30 248.5 503 237 99
31 740 128 60 26
