1 391 438 136 134
2 521.5 298 95 81
3 660.5 208 71 53
4 720.5 169 53 35
5 774 147 50 31
6 156.5 541 179 130
7 360.5 331 115 76
8 535.5 221 79 52
9 640 176 56 40
10 702.5 152 57 31
12 171 422 340 234
13 512.5 192 71 37
14 444.5 189 75 36
15 501.5 167 67 32
16 553 149 60 31
17 591 138 50 27
18 362.5 214 93 40
19 235 224 100 41
20 345.5 197 79 38
21 430 176 68 35
22 488 150 60 31
23 547 132 52 29
24 500 128 52 21
31 610.5 159 67 34
33 84 271 136 57
35 893.5 394 135 91
36 258 255 128 50
37 697.5 134 59 28
39 647 401 182 77
41 778.5 123 59 24
42 123.5 299 145 58
43 439 151 58 28
44 802 130 60 23
45 290.5 190 75 34
