2 370 474 146 144
3 599.5 248 89 64
4 689 185 58 37
5 761.5 154 51 33
8 369.5 330 113 87
9 592 196 62 38
10 667.5 167 59 35
12 45.5 478 89 181
13 364 267 98 57
14 443.5 190 71 37
15 500 167 64 30
16 553 153 58 33
17 589.5 136 47 26
18 364.5 216 91 40
19 236.5 230 101 43
20 346 196 74 36
21 429 175 70 34
22 485 152 58 31
23 545 136 54 30
24 497.5 133 53 25
31 526 191 72 42
33 83 273 134 56
35 936 387 50 81
36 269.5 248 107 45
37 639.5 150 57 34
39 737 402 184 78
41 749 128 58 26
42 121.5 292 139 52
43 438.5 148 55 26
44 787 134 50 24
45 351.5 176 81 31
