1 531.5 294 99 83
2 599.5 232 69 61
3 690 188 66 48
4 737.5 162 51 34
5 775.5 144 47 28
6 457 272 98 70
7 532 226 74 49
8 601 188 68 45
9 656 166 54 36
10 711.5 152 55 33
11 336 280 112 65
12 462.5 229 189 111
13 602 164 58 37
14 449 190 84 40
15 510.5 172 75 36
16 554.5 148 59 30
17 591.5 137 49 28
18 370 212 96 42
19 236 226 100 43
20 348 194 78 38
21 430 178 78 38
22 487 154 72 36
23 548 128 50 26
24 499.5 132 47 27
25 921.5 396 79 74
31 663.5 146 61 33
33 84.5 269 133 58
34 686 491 240 98
35 742.5 398 207 96
36 271.5 246 105 46
37 720.5 132 55 31
39 422.5 406 189 82
40 560.5 541 283 53
42 36 314 70 49
