1 533.5 291 99 78
2 601 231 74 60
3 691 186 64 46
4 739 161 52 33
5 777.5 142 47 28
6 458 268 92 65
7 534 226 76 49
8 599.5 186 67 43
9 656 165 52 35
10 713 149 52 30
11 338 281 116 62
12 463 229 194 109
13 602 164 56 36
14 446 189 64 32
15 505.5 171 69 32
16 553 147 58 28
17 591 136 48 27
18 361 209 84 37
19 236.5 223 101 39
20 346 196 72 38
21 423.5 174 65 33
22 484.5 153 57 34
23 548.5 133 49 29
24 492.5 134 53 27
25 836.5 399 189 75
30 926 503 70 92
31 663 149 58 35
32 545 436 200 81
33 85 272 132 57
34 263 503 248 96
35 237.5 403 215 90
36 222.5 263 113 47
37 762.5 128 55 31
