1 532.5 293 97 81
2 602 231 70 58
3 691.5 187 65 46
4 739 162 52 33
5 778.5 144 45 31
6 457 271 92 67
7 534 223 74 45
8 599 185 64 43
9 658.5 163 51 34
10 713.5 148 51 31
11 337 280 112 61
12 462.5 231 191 114
13 601 161 56 34
14 447.5 185 61 32
15 502 170 68 32
16 553 145 52 26
17 592.5 133 45 24
18 346.5 218 95 44
19 237 225 102 43
20 342.5 191 65 33
21 420 177 68 34
22 478 147 58 29
23 544.5 136 55 31
24 473.5 139 51 28
25 769.5 396 189 70
26 945 432 32 63
30 780.5 510 245 100
31 662.5 146 59 32
32 395 432 204 81
33 66 273 130 56
34 128.5 503 255 96
35 105.5 404 209 88
36 86.5 302 139 53
