1 440 378 120 107
2 545 279 86 75
3 670 201 72 51
4 726.5 166 53 33
5 776 146 48 28
6 256.5 450 141 125
7 419 294 104 70
8 564.5 207 71 47
9 646.5 171 51 36
10 707 152 56 30
12 237 366 308 202
13 542 183 66 38
14 443.5 188 77 38
15 498.5 167 67 34
16 551 150 58 31
17 590.5 139 49 27
18 360.5 215 101 40
19 238 223 110 37
20 349 203 86 42
21 431.5 175 65 34
22 487 149 60 28
23 546 135 54 30
24 499 130 50 22
31 628.5 156 63 33
33 81 270 130 56
35 880.5 397 161 92
36 247 267 118 54
37 712 132 60 29
39 625.5 405 187 81
41 778.5 122 55 22
42 125 296 150 60
43 437.5 151 61 29
44 807 127 52 21
45 261 202 96 40
