1 533.5 290 97 82
2 600 228 72 59
3 691 186 64 49
4 738 161 50 37
5 777.5 143 47 31
6 455.5 269 91 70
7 534.5 222 75 48
8 600.5 186 67 46
9 657.5 163 55 36
10 711.5 145 53 31
11 334 272 108 57
12 463.5 229 195 114
13 602 159 56 35
14 403.5 202 63 35
15 523 163 62 34
16 555.5 143 53 28
17 591 130 50 27
18 203 249 116 49
19 236.5 216 99 38
20 346.5 193 71 40
21 432.5 168 65 33
22 484 146 60 34
23 545.5 130 55 31
24 394.5 153 69 29
25 467 411 198 79
26 767.5 479 205 93
27 915 411 92 81
30 413 502 240 100
31 705.5 130 63 26
32 73 421 144 75
33 18.5 280 35 45
