1 534.5 290 99 80
2 601.5 228 69 61
3 692 185 66 50
4 740 160 52 35
5 780 142 48 31
6 460 264 98 61
7 535 222 78 48
8 600 184 70 45
9 656.5 158 51 30
10 711.5 144 53 30
11 339 275 114 62
12 463 227 190 114
13 602 160 58 37
14 315 231 96 43
15 500 164 64 36
16 554 141 60 29
17 593 133 48 26
18 131.5 261 125 50
19 235 218 96 38
20 342.5 190 69 35
21 428.5 169 67 36
22 482 148 62 35
23 545 129 52 29
24 282 181 72 34
25 164.5 413 199 75
26 440 509 222 97
27 707 421 202 92
28 931.5 488 59 100
30 107.5 500 213 91
