1 468.5 347 109 97
2 557 264 80 68
3 675 197 68 48
4 729 164 52 34
5 776 148 46 30
6 310.5 382 123 100
7 456 268 88 59
8 581 198 70 45
9 650.5 167 53 33
10 710 153 54 33
12 285 333 284 175
13 561.5 176 67 35
14 440.5 190 77 35
15 499.5 166 65 31
16 552.5 148 55 29
17 590 133 46 24
18 358 226 96 45
19 233.5 230 93 44
20 346 209 88 49
21 430.5 172 61 30
22 487.5 152 59 32
23 545.5 131 47 26
24 500 132 48 24
31 640.5 153 61 34
33 85 265 132 49
35 873 394 176 92
36 268.5 261 105 43
37 717.5 130 57 27
39 603.5 403 183 76
41 782 123 56 24
42 118.5 292 131 51
43 437.5 151 61 29
44 802 129 60 23
45 227 206 100 35
