3 261.5 541 205 136
4 498 335 102 78
5 656 208 68 43
9 326.5 376 125 91
10 494 258 88 57
14 443 189 76 32
15 499 169 66 29
16 554 152 56 28
17 591 140 48 26
18 364.5 215 87 40
19 235.5 230 103 42
20 348 199 80 37
21 430.5 176 67 32
22 484.5 156 59 32
23 545 136 52 28
24 499 135 50 25
31 80.5 481 159 132
33 83.5 270 135 54
36 270.5 253 105 45
37 426.5 236 87 61
39 921 402 80 75
41 590.5 170 61 37
42 121 299 138 58
43 443 150 62 26
44 630 187 66 39
45 365.5 169 67 26
46 721 138 52 26
47 801 132 48 26
