1 531.5 290 93 78
2 596 235 72 63
3 691 186 66 45
4 740 162 52 34
5 778 145 48 29
6 458.5 265 95 60
7 532.5 229 77 50
8 599.5 189 67 46
9 656.5 165 51 35
10 712.5 154 55 37
11 338 279 110 65
12 462 229 188 111
13 601 163 58 35
14 448.5 194 85 43
15 521.5 168 75 38
16 554 150 56 33
17 591.5 138 49 29
18 366 215 92 45
19 237.5 227 99 44
20 348 195 80 40
21 429 178 82 38
22 488 157 72 39
23 545 136 52 31
24 500 135 48 29
25 921.5 397 79 76
31 664.5 149 63 36
33 83.5 265 131 54
34 726.5 487 239 94
35 744.5 394 209 91
36 272.5 249 107 46
37 720.5 133 55 33
39 445 406 188 82
40 697.5 541 277 49
42 48 314 94 53
