2 399 440 132 133
3 608 241 86 62
4 694 182 56 37
5 765 152 52 31
7 75 541 148 89
8 397 309 104 79
9 601 193 62 40
10 674.5 164 57 35
12 67 477 132 199
13 386.5 256 93 56
14 443.5 191 75 39
15 500.5 168 63 32
16 552.5 151 59 30
17 592 137 48 27
18 365 213 92 38
19 236 231 100 46
20 346 194 76 34
21 429 173 68 32
22 485.5 152 61 31
23 545.5 136 53 29
24 498 132 54 25
31 539 189 72 44
33 84 270 136 56
35 933 386 56 80
36 270.5 248 107 45
37 647 149 58 35
39 723 403 186 79
41 755.5 127 59 25
42 121.5 287 143 46
43 441 147 56 26
44 793.5 131 49 22
45 348.5 177 79 30
