1 434 387 124 112
2 542 279 88 73
3 668 202 72 51
4 725.5 167 55 34
5 776 148 50 30
6 238.5 471 149 134
7 409.5 299 105 71
8 559 210 74 48
9 646 172 52 37
10 708 153 58 32
12 225.5 375 319 206
13 538.5 186 69 40
14 444 189 74 38
15 500 166 66 32
16 551 151 58 32
17 593 137 50 27
18 358.5 216 103 42
19 234.5 224 101 38
20 347.5 199 81 40
21 430 177 68 36
22 485 149 60 28
23 545.5 133 53 29
24 498.5 129 53 22
31 625.5 155 65 32
33 83 272 128 57
35 882.5 395 157 91
36 245.5 264 115 52
37 709 132 56 28
39 629.5 405 185 79
41 779.5 124 57 24
42 123 291 130 55
43 438.5 150 61 29
44 802 128 60 21
45 268.5 199 89 36
