1 525 300 104 83
2 592 237 72 60
3 688 188 66 47
4 738 161 50 34
5 776.5 144 47 30
6 433.5 280 101 69
7 516 232 78 50
8 599.5 187 67 44
9 653.5 163 53 32
10 712.5 149 53 31
11 240 344 126 82
12 431.5 247 209 120
13 601.5 160 55 32
14 442.5 199 87 39
15 500.5 175 71 35
16 554 145 48 27
17 591 134 48 26
18 366.5 220 91 43
19 234.5 222 99 40
20 349.5 198 83 40
21 436.5 177 77 38
22 487 149 58 30
23 543 128 44 26
24 497.5 126 47 21
25 949 384 24 50
31 662 145 62 31
33 83 266 134 56
34 901 479 120 96
35 771.5 395 211 91
36 269.5 247 111 45
37 720 129 56 30
39 469 403 188 77
41 784.5 118 67 19
42 106 296 140 56
43 350.5 174 79 33
44 799 128 62 23
