1 513 306 104 85
2 588 242 72 63
3 684 190 64 45
4 737.5 160 47 31
5 775 142 42 28
6 417 292 104 71
7 504 240 78 52
8 599.5 187 61 44
9 655.5 163 51 33
10 713 150 52 31
11 155 430 148 121
12 398.5 267 227 136
13 598 162 58 34
14 442 197 90 38
15 502.5 162 63 30
16 551 147 50 29
17 590 137 48 27
18 363 217 88 37
19 237.5 224 105 41
20 349 194 78 38
21 434 177 72 37
22 486.5 147 57 29
23 545.5 130 47 27
24 497 128 50 23
31 661.5 147 61 34
33 85 269 136 56
34 937.5 463 47 73
35 810 393 206 91
36 265 245 96 43
37 721.5 127 55 26
39 505.5 406 187 82
41 783.5 119 61 22
42 115 296 140 58
43 405 155 68 26
44 803.5 126 59 20
45 45.5 250 89 45
