1 526.5 295 101 82
2 593.5 237 71 61
3 687 189 68 47
4 738 163 54 35
5 777.5 144 45 29
6 437 281 98 72
7 517.5 231 79 49
8 598 185 64 42
9 655.5 166 53 36
10 711.5 149 55 32
11 256 333 128 78
12 438 242 204 121
13 600 161 56 33
14 441.5 192 73 35
15 504 171 68 34
16 556 147 54 28
17 592 134 46 26
18 366.5 212 91 39
19 235.5 221 101 40
20 350.5 198 87 39
21 431 173 76 37
22 490 151 72 33
23 543.5 120 43 17
24 499.5 123 43 19
25 942.5 388 37 56
31 661.5 143 61 29
33 83.5 264 135 52
34 895 478 132 95
35 763.5 397 207 94
36 270 250 108 50
37 719.5 127 53 26
39 466 404 190 79
41 784 120 62 23
42 103.5 298 141 56
43 331 174 88 27
44 803 128 62 23
