1 532.5 290 99 81
2 601.5 227 69 60
3 691.5 188 65 51
4 738.5 160 51 33
5 779 143 48 30
6 457.5 267 97 68
7 535.5 222 79 49
8 599 184 66 45
9 660 161 52 34
10 712.5 146 49 30
11 334 277 114 64
12 463.5 229 191 116
13 602 162 58 38
14 395.5 198 59 32
15 508 169 68 32
16 554 141 54 26
17 590 135 52 30
18 188.5 249 117 48
19 236.5 214 99 35
20 342.5 191 67 37
21 430.5 166 59 32
22 479.5 147 59 33
23 546 130 60 31
24 383.5 161 71 33
25 429.5 413 195 81
26 733 479 210 88
27 896.5 414 129 85
30 373.5 502 235 100
31 715 132 62 30
32 56 425 110 79
33 14 285 26 46
