1 519.5 301 105 85
2 590 239 72 62
3 686 190 68 49
4 736 161 50 33
5 776.5 144 43 29
6 427 284 100 68
7 508.5 235 81 50
8 601 186 64 43
9 656.5 165 53 35
10 717 153 54 33
11 207 378 134 98
12 416 256 214 126
13 601 162 58 34
14 441.5 196 81 37
15 498 172 72 35
16 554 150 52 31
17 592.5 134 49 28
18 363.5 220 91 39
19 236.5 225 101 42
20 350 195 76 36
21 428.5 181 73 40
22 484 151 60 32
23 543 132 44 28
24 497 129 48 24
31 663 144 60 30
33 85.5 265 135 54
34 918 475 86 93
35 790.5 396 205 93
36 269 245 104 43
37 720.5 130 53 29
39 481.5 406 187 81
41 786 119 66 21
42 112.5 297 137 57
43 379.5 165 75 31
44 804 128 58 23
