1 497.5 316 109 87
2 575 249 76 64
3 679.5 193 67 50
4 736 163 54 34
5 775.5 146 45 30
6 381.5 320 109 81
7 486.5 247 83 52
8 598 186 64 41
9 654 164 54 32
10 712.5 149 55 31
11 62 541 122 139
12 351.5 291 253 149
13 582 167 60 34
14 447 191 78 34
15 503 167 62 34
16 553.5 149 59 32
17 592.5 132 47 25
18 370 224 92 43
19 236 225 100 42
20 350 197 90 40
21 430 175 74 35
22 486 149 56 31
23 546 132 48 27
24 500 131 44 25
31 655.5 146 61 30
33 85.5 271 137 59
35 858 395 206 92
36 274.5 252 107 47
37 721.5 131 55 31
39 555.5 402 183 77
41 784.5 119 61 22
42 119 295 138 56
43 431 150 62 28
44 805.5 128 55 21
45 140.5 224 111 36
