1 532 289 100 79
2 599.5 230 67 58
3 691 188 66 48
4 740.5 162 47 35
5 776.5 145 47 31
6 458.5 269 93 66
7 531.5 226 77 48
8 598.5 187 67 47
9 656.5 164 51 34
10 713 152 52 36
11 334 281 112 68
12 464 230 196 114
13 602 159 58 33
14 442.5 191 87 38
15 513.5 168 81 34
16 553 145 56 28
17 593 135 46 26
18 363.5 211 85 39
19 235.5 227 101 45
20 349.5 195 83 38
21 431.5 182 81 40
22 492.5 158 75 40
23 546.5 136 59 31
24 498.5 132 47 26
25 921 397 80 76
31 662.5 150 63 36
33 84 274 134 62
34 662 495 238 102
35 739.5 399 203 98
36 272 249 104 51
37 719.5 128 53 28
39 407 407 188 82
40 470 541 280 56
42 25.5 315 49 42
