1 533.5 290 95 79
2 602 230 70 58
3 692 187 64 48
4 739 160 50 33
5 777.5 144 43 29
6 460 271 98 66
7 534.5 226 73 48
8 600 186 66 45
9 656.5 164 51 33
10 712.5 150 53 33
11 336 282 110 63
12 463.5 233 193 117
13 602 159 56 32
14 447.5 186 61 32
15 503 170 68 32
16 554 147 52 29
17 591.5 135 47 28
18 348.5 215 93 39
19 237 225 100 42
20 343 192 66 34
21 423.5 174 69 34
22 474.5 152 59 33
23 547 133 52 29
24 475.5 138 49 28
25 779.5 401 189 75
30 811.5 508 243 99
31 662 144 60 29
32 416.5 430 201 80
33 67.5 275 133 57
34 151.5 502 249 95
35 115.5 404 229 87
36 110.5 296 129 55
