1 380 452 146 141
2 517 301 96 79
3 658.5 208 71 51
4 718.5 169 53 36
5 775 148 52 32
6 145 541 170 112
7 349.5 342 117 82
8 530 225 80 55
9 638.5 174 55 39
10 703 153 58 32
12 164.5 434 327 246
13 506.5 195 71 38
14 442.5 190 75 35
15 500.5 166 67 31
16 553 150 60 32
17 591.5 139 49 29
18 364.5 214 91 39
19 234 221 94 38
20 346.5 197 79 38
21 430 176 68 34
22 488.5 152 63 31
23 546.5 132 55 30
24 499.5 130 51 23
31 606.5 161 67 35
33 84 270 138 58
35 897.5 396 127 92
36 259.5 253 127 54
37 695.5 135 61 30
39 651 401 182 78
41 781.5 122 65 23
42 121 304 134 65
43 443.5 151 63 28
44 807.5 129 51 23
45 298 188 78 34
