3 466.5 367 125 106
4 605.5 245 71 53
5 716 175 60 36
9 484.5 263 91 55
10 581.5 207 71 44
13 65.5 488 129 122
14 443 193 76 37
15 501.5 170 65 33
16 552 155 58 32
17 590.5 139 49 26
18 366.5 220 95 45
19 238 227 102 39
20 346.5 203 77 39
21 428.5 173 65 30
22 486.5 152 59 30
23 545.5 136 45 27
24 501 131 52 22
31 346.5 286 113 66
33 85.5 273 135 56
36 270 251 104 47
37 546.5 183 69 42
39 866 400 190 71
41 661 146 60 30
42 122.5 294 135 51
43 440.5 150 61 24
44 710.5 155 55 31
45 362.5 172 71 28
46 780.5 128 51 27
