1 535 292 98 79
2 601.5 229 71 57
3 690 188 64 48
4 738 162 48 33
5 776 144 48 29
6 457 269 96 65
7 532 226 76 48
8 600 185 68 44
9 657 163 52 32
10 712 149 52 30
11 335 276 108 57
12 464.5 231 195 112
13 601 164 56 37
14 446.5 188 63 32
15 504.5 171 69 32
16 548 147 56 26
17 591 137 50 27
18 348 210 68 35
19 238.5 225 99 41
20 346 196 74 40
21 420.5 179 69 38
22 484.5 157 73 36
23 546 131 48 26
24 485 138 48 30
25 818.5 398 187 74
30 891.5 506 139 98
31 662.5 147 61 33
32 500 433 198 79
33 81 267 132 57
34 228.5 502 245 96
35 196 402 218 89
36 193 269 122 49
37 771.5 128 57 31
