1 532 287 96 79
2 602.5 228 71 61
3 691.5 181 63 44
4 740 158 48 32
5 777 142 48 30
6 457 271 96 68
7 531 219 80 45
8 602 182 66 40
9 657.5 161 47 32
10 711 146 50 31
11 335 277 112 63
12 464.5 231 195 115
13 601.5 162 59 38
14 455 183 66 35
15 512 164 68 36
16 552.5 143 55 29
17 590.5 134 49 28
18 285 231 112 38
19 237 219 102 38
20 346 193 74 39
21 429 166 66 31
22 478.5 142 49 28
23 546 128 50 28
24 437.5 146 61 31
25 644.5 405 191 75
26 886 457 150 85
30 589.5 501 237 97
31 675.5 137 61 29
32 214 426 194 75
33 41 272 80 49
34 46 504 90 93
35 21.5 395 41 70
