2 225 541 124 38
3 549 289 100 81
4 655.5 206 61 43
5 746.5 160 55 33
8 181.5 504 173 153
9 549.5 224 73 47
10 635.5 183 63 40
13 242 339 120 78
14 443 190 74 36
15 499 167 66 32
16 552 153 54 31
17 591.5 140 53 28
18 365.5 214 89 41
19 237.5 228 103 42
20 346 200 78 39
21 431.5 174 65 33
22 483 153 58 31
23 548 136 54 28
24 499.5 132 49 24
31 459.5 224 87 49
33 85 272 130 57
36 270.5 252 105 50
37 605 162 62 38
39 787 404 182 77
41 712 135 56 27
42 123 300 138 58
43 440 151 56 28
44 754.5 142 57 27
45 359 171 74 26
