1 531 294 100 82
2 600 229 70 56
3 690 189 64 46
4 740 166 52 36
5 777 146 46 29
6 458.5 271 97 66
7 533.5 227 79 48
8 600 190 68 46
9 657.5 164 51 33
10 713.5 153 55 33
11 336 282 112 64
12 463 231 190 110
13 603 163 62 35
14 450 197 86 41
15 514.5 171 73 35
16 554 151 58 29
17 590 139 46 29
18 365.5 213 91 40
19 233.5 229 101 44
20 346 198 76 40
21 441 179 94 38
22 492.5 157 79 37
23 547.5 138 55 33
24 499.5 140 53 32
25 917 397 88 72
31 662 146 62 32
33 83.5 273 135 58
34 540.5 500 243 102
35 676 396 208 93
36 272 252 110 51
37 722.5 132 55 32
38 834 541 254 67
39 244 408 192 76
40 103 541 204 80
