3 509.5 325 109 91
4 631 224 70 48
5 732 165 58 32
8 54.5 541 107 70
9 518 241 80 49
10 609.5 194 67 43
13 148.5 409 149 104
14 444 191 74 36
15 499 170 68 31
16 550.5 150 51 28
17 592.5 139 51 26
18 364.5 218 87 44
19 236.5 226 99 38
20 348 201 78 38
21 431.5 180 67 36
22 486.5 151 55 29
23 547.5 138 51 30
24 499 133 48 24
31 408.5 252 95 59
33 84 273 138 58
36 272.5 251 107 44
37 576.5 174 63 42
39 825 405 182 79
41 687 140 60 28
42 122 295 138 52
43 441.5 151 59 28
44 733.5 146 55 28
45 363 174 76 28
46 799.5 125 55 24
