1 530 293 98 81
2 599.5 231 69 61
3 689.5 186 67 47
4 739 160 50 33
5 775.5 144 49 28
6 456.5 269 99 67
7 531.5 227 77 50
8 601 188 68 45
9 655 167 54 38
10 712 155 56 38
11 335.5 282 113 68
12 463 231 192 113
13 602 164 58 37
14 449.5 186 85 38
15 515 170 72 32
16 556 148 60 31
17 590 137 50 28
18 373 214 106 44
19 235.5 225 99 42
20 345 195 76 39
21 434 178 78 38
22 489 157 76 39
23 546 128 56 26
24 504.5 134 49 29
25 922 395 78 74
31 664 147 62 33
33 85.5 269 133 58
34 676.5 490 239 97
35 741.5 398 207 96
36 272.5 247 107 46
37 719.5 129 55 29
39 416.5 407 187 83
40 525 541 284 55
42 32.5 313 63 45
