1 532 294 100 81
2 601 229 72 56
3 690.5 189 65 47
4 739 164 50 33
5 776.5 146 47 30
6 458.5 271 97 66
7 532 228 76 49
8 600 190 68 46
9 657 166 50 34
10 714.5 154 55 34
11 335.5 282 113 65
12 465 232 192 112
13 601.5 165 59 36
14 451 201 86 42
15 512.5 172 71 35
16 554.5 150 57 28
17 590 138 46 29
18 364.5 215 91 43
19 235 228 102 43
20 348 199 78 40
21 438.5 178 89 36
22 490 156 72 36
23 546.5 137 53 32
24 499 137 52 29
25 915.5 396 91 72
31 661.5 148 61 33
33 83.5 272 133 58
34 534.5 499 243 100
35 670 397 206 93
36 271.5 251 111 50
37 723.5 134 55 33
38 806 541 258 66
39 231 409 190 78
40 93 541 184 82
