1 531 292 96 80
2 595 238 72 62
3 689.5 190 63 48
4 737 162 50 33
5 777.5 144 43 29
6 450.5 274 97 69
7 530.5 226 75 49
8 600.5 188 67 45
9 656 165 52 34
10 712.5 149 55 31
11 313.5 296 117 68
12 457.5 233 195 114
13 602 163 56 35
14 449 190 88 36
15 507.5 169 71 35
16 553 147 58 29
17 591 137 50 29
18 368.5 211 97 41
19 237 224 102 41
20 344 195 70 37
21 426 178 74 37
22 490 155 72 37
23 542.5 132 49 29
24 498 133 44 28
25 926.5 396 69 72
31 662 144 62 30
33 82.5 262 133 48
34 850.5 481 221 94
35 744.5 396 209 93
36 270.5 248 105 47
37 720.5 129 57 29
39 459.5 407 187 82
41 781.5 118 59 21
42 78 303 154 58
43 205.5 206 99 36
44 813.5 128 53 23
