1 531.5 295 97 83
2 601 231 72 58
3 691.5 189 67 47
4 738.5 161 49 32
5 777 148 44 33
6 458 269 96 66
7 533 226 74 46
8 599.5 188 65 44
9 657.5 165 53 33
10 712.5 151 51 32
11 335.5 283 113 69
12 463.5 233 197 115
13 601.5 167 59 39
14 458 189 90 44
15 527 169 76 39
16 553.5 150 61 29
17 594.5 136 51 26
18 367 213 88 40
19 234 225 102 43
20 347 194 74 37
21 433 176 74 35
22 488 155 74 34
23 545.5 135 53 29
24 501 129 48 23
25 919.5 399 83 76
31 663 147 60 33
33 84 268 138 54
34 562 499 242 100
35 697.5 393 207 91
36 271.5 247 101 45
37 721 128 54 29
38 874.5 541 173 68
39 280.5 407 195 77
40 136.5 541 271 80
