1 532 291 98 78
2 601.5 234 73 61
3 690.5 189 65 48
4 737.5 162 51 34
5 777.5 146 45 30
6 457 271 92 67
7 532.5 228 75 49
8 599.5 190 67 46
9 657 168 54 36
10 711 154 54 35
11 337 278 112 61
12 465.5 232 201 113
13 600.5 164 55 35
14 444 192 78 37
15 510 166 66 32
16 556.5 146 53 26
17 591 137 48 27
18 363.5 213 87 40
19 235.5 227 101 42
20 343 194 70 35
21 420 174 66 34
22 482.5 152 71 33
23 545 137 52 32
24 498.5 135 49 27
25 896 391 130 68
31 661 147 62 32
32 895.5 455 131 81
33 83.5 272 133 59
34 450 497 240 96
35 548 393 208 88
36 271.5 247 107 46
37 730 134 56 32
38 439 541 272 63
39 82 409 162 74
