1 533 288 96 79
2 600.5 229 71 60
3 691 185 64 47
4 738.5 158 49 33
5 777.5 144 47 31
6 457.5 264 91 63
7 531.5 220 77 46
8 599.5 184 67 46
9 658.5 163 53 36
10 712.5 147 53 30
11 335 274 108 62
12 463 226 190 110
13 601.5 161 59 37
14 378 202 72 39
15 516 169 68 36
16 553.5 142 55 28
17 591 135 48 27
18 162.5 255 121 48
19 236 222 98 42
20 342.5 193 67 38
21 431 171 66 35
22 487.5 150 65 35
23 543.5 132 55 30
24 357 169 76 36
25 351 415 196 80
26 658.5 492 209 95
27 863.5 421 195 92
30 288.5 504 229 100
31 731 128 62 26
