1 533.5 290 95 79
2 601 231 70 59
3 692 188 64 49
4 739.5 160 49 33
5 777.5 144 43 29
6 460.5 271 99 66
7 534 227 72 49
8 600 187 66 46
9 655.5 164 51 33
10 712.5 150 53 33
11 337 283 110 64
12 464 233 194 117
13 602 159 56 32
14 446.5 186 61 32
15 503 170 68 32
16 554 147 52 30
17 591 136 48 29
18 349.5 213 93 37
19 237.5 225 99 42
20 343 192 66 34
21 423.5 173 69 34
22 474 153 60 34
23 547.5 132 51 29
24 476 138 48 28
25 782.5 402 189 77
30 819 508 242 99
31 661.5 144 61 29
32 421 430 200 80
33 67.5 277 133 58
34 157 502 248 95
35 124 403 222 86
36 116.5 294 127 55
