1 533 290 98 77
2 600.5 231 73 60
3 691.5 186 65 45
4 738.5 162 49 34
5 777.5 145 43 30
6 458 270 96 68
7 532.5 226 77 49
8 600 188 68 44
9 656 163 50 32
10 712 149 52 31
11 335.5 281 113 65
12 462.5 233 195 114
13 601 165 56 37
14 452 192 80 37
15 516 171 68 33
16 553 147 58 27
17 590 136 48 26
18 365.5 211 91 38
19 237.5 228 101 44
20 348 198 78 40
21 424 176 70 35
22 473.5 153 69 35
23 545 133 56 29
24 497 132 48 25
25 877 395 168 71
31 662.5 149 59 34
32 760 451 212 84
33 85 270 136 56
34 370.5 500 239 96
35 401.5 402 209 94
36 272.5 248 107 48
37 737.5 129 53 29
38 106 541 210 77
