2 414 420 126 127
3 614.5 237 83 61
4 697.5 181 57 37
5 766 151 52 30
7 93.5 541 185 121
8 414.5 297 103 76
9 607 191 62 40
10 678.5 162 57 33
12 78 471 154 203
13 400 248 90 54
14 443.5 192 75 41
15 500 168 64 33
16 553.5 151 59 29
17 592 138 48 28
18 365.5 213 91 38
19 236.5 231 101 46
20 346.5 196 77 35
21 429 174 66 32
22 486.5 151 59 30
23 545 135 52 28
24 498 132 52 26
31 546.5 185 71 42
33 85 271 134 58
35 930 389 62 85
36 271 251 108 48
37 651.5 149 59 35
39 714 403 184 79
41 760.5 126 59 24
42 122 289 146 49
43 441.5 148 59 27
44 796 129 50 21
45 347 179 80 32
