1 476.5 339 109 95
2 560 261 80 68
3 677 197 66 49
4 731 163 50 33
5 776 147 48 29
6 331 367 120 97
7 465.5 260 91 55
8 585 196 66 48
9 651.5 169 55 36
10 711 152 52 33
12 300 315 276 158
13 567.5 173 65 35
14 443.5 188 73 35
15 501 166 62 31
16 553.5 149 53 29
17 591 135 46 27
18 361.5 225 91 45
19 234 228 94 42
20 347 203 92 44
21 430.5 171 63 30
22 486 150 56 31
23 548.5 133 49 27
24 498.5 131 49 24
31 644.5 153 59 34
33 84 266 130 53
35 870 395 182 91
36 269.5 261 99 46
37 718 131 58 28
39 595 405 182 78
41 780 122 52 24
42 117 292 124 53
43 438 149 62 26
44 801.5 130 59 23
45 211 213 98 39
