1 498.5 314 107 86
2 577.5 248 77 62
3 679.5 194 67 51
4 735.5 163 55 34
5 776 147 46 32
6 387.5 317 109 80
7 488 248 82 54
8 598 185 62 40
9 653.5 163 53 31
10 712 148 56 30
11 66 541 130 152
12 355.5 289 253 148
13 584 167 62 35
14 450.5 193 77 36
15 504 167 60 34
16 553.5 149 61 32
17 592.5 131 47 24
18 374.5 223 95 44
19 234.5 222 95 40
20 354 197 90 40
21 434 175 78 36
22 486 147 54 30
23 545.5 130 45 24
24 501.5 133 43 26
31 656 147 60 32
33 85 271 138 59
35 856.5 394 209 91
36 275 251 110 48
37 721 132 54 32
39 550.5 400 181 75
41 785 118 62 21
42 119 294 134 55
43 429 151 62 29
44 805.5 127 51 20
45 132 225 116 36
