1 526 297 102 83
2 593 237 72 61
3 687 189 68 47
4 738.5 162 53 34
5 777.5 144 45 29
6 435.5 281 99 72
7 517 231 80 49
8 598.5 185 65 42
9 655.5 165 53 35
10 711 150 54 32
11 250 337 128 80
12 436 243 206 120
13 600 161 56 33
14 440.5 193 75 36
15 504 171 70 34
16 556.5 146 53 27
17 591.5 134 47 26
18 366.5 214 91 40
19 235.5 221 101 39
20 350.5 199 87 40
21 435 173 76 37
22 491.5 151 67 32
23 542.5 122 43 19
24 499 124 44 20
25 945 387 32 53
31 661.5 143 61 29
33 83 264 134 52
34 897.5 478 127 95
35 766.5 396 209 93
36 270 250 108 49
37 719.5 127 53 26
39 467.5 404 189 78
41 784.5 120 63 23
42 105.5 298 141 56
43 338 172 88 27
44 802 128 62 23
