1 474.5 342 109 96
2 558.5 262 79 68
3 675.5 197 67 48
4 730 164 52 34
5 776.5 147 47 29
6 322.5 373 121 98
7 462 263 88 56
8 584 196 68 46
9 652 168 54 34
10 710.5 152 53 33
12 293.5 323 279 166
13 565 175 66 35
14 441 189 76 35
15 499.5 166 63 31
16 553 148 54 28
17 591 133 46 25
18 361.5 227 95 45
19 233 229 92 43
20 346 207 90 47
21 430.5 170 61 29
22 486.5 151 57 32
23 547 132 48 26
24 500 131 48 24
31 643 153 60 34
33 84.5 266 131 51
35 871 394 180 91
36 271 261 102 44
37 718 130 58 27
39 599.5 403 183 76
41 782 123 54 24
42 117 291 126 51
43 437.5 150 61 27
44 802.5 129 59 23
45 218.5 210 99 37
