1 531.5 291 101 78
2 601 231 74 59
3 690 187 66 46
4 737.5 163 53 34
5 777.5 147 47 31
6 457.5 270 95 67
7 533.5 228 79 49
8 599.5 189 67 44
9 657.5 166 51 35
10 712 153 54 34
11 336.5 282 113 67
12 466.5 232 197 115
13 602 165 58 38
14 450.5 189 77 36
15 517.5 165 67 32
16 555.5 147 51 26
17 591 136 48 27
18 368 212 92 40
19 236.5 228 101 42
20 343.5 197 71 39
21 423.5 176 71 36
22 478.5 152 71 32
23 546 134 50 29
24 496 134 46 26
25 892 393 138 69
31 662 148 60 33
32 878.5 456 165 82
33 84.5 272 133 58
34 433.5 500 243 100
35 518 394 208 89
36 270 252 108 52
37 732 132 56 31
38 362 541 268 61
39 66.5 410 131 75
