1 532 293 98 81
2 600 231 72 59
3 689.5 188 65 47
4 736.5 161 51 33
5 776.5 144 45 30
6 457.5 269 89 65
7 531.5 224 77 47
8 600.5 186 65 42
9 656.5 164 51 33
10 713 147 52 30
11 336 277 112 58
12 462.5 231 191 115
13 601 164 56 36
14 445.5 191 67 32
15 506.5 172 69 32
16 551.5 147 55 27
17 592 135 48 25
18 364.5 211 85 36
19 237 225 100 41
20 343.5 193 69 35
21 424.5 176 67 35
22 480 151 64 32
23 544 132 48 28
24 497.5 128 47 21
25 864 397 194 74
31 663.5 148 61 33
32 649.5 448 205 89
33 84.5 266 135 55
34 322.5 506 241 101
35 316 399 212 87
36 259.5 252 109 47
37 748.5 128 55 28
