1 346.5 492 159 155
2 499.5 319 103 88
3 653 210 74 50
4 716 171 56 34
5 773 147 50 29
6 97.5 541 141 46
7 311.5 371 129 89
8 512.5 234 85 56
9 635.5 178 59 39
10 699 154 56 31
12 150.5 457 299 251
13 488.5 206 77 43
14 445.5 187 77 36
15 500 167 66 33
16 553 150 62 31
17 591 138 48 29
18 364 215 90 43
19 237 227 100 41
20 346.5 197 79 38
21 430 173 66 33
22 484.5 151 59 31
23 543.5 134 51 28
24 501.5 132 47 26
31 595.5 164 67 35
33 83 269 132 57
35 904 397 114 92
36 260.5 251 125 49
37 685.5 137 59 30
39 662.5 403 185 77
41 776 124 56 24
42 112 299 140 60
43 441.5 146 61 24
44 800 132 62 24
45 313.5 186 75 33
