1 509 307 108 84
2 585 243 74 64
3 682 190 70 47
4 736 162 54 35
5 774.5 142 49 26
6 410.5 298 103 74
7 500.5 243 85 53
8 599 188 64 46
9 656.5 163 53 32
10 712.5 149 53 32
11 129 454 156 127
12 389 272 230 138
13 595 162 56 33
14 454 195 82 42
15 505 161 56 29
16 552.5 149 55 32
17 589.5 133 51 24
18 374.5 219 91 42
19 233.5 220 97 38
20 350.5 195 81 38
21 437 176 74 36
22 487.5 149 55 30
23 548.5 134 53 28
24 500 130 52 23
31 664.5 144 63 31
33 84.5 267 131 54
35 823.5 396 211 93
36 274 248 114 49
37 719 127 54 27
39 520 402 184 76
41 782 117 56 18
42 118 291 138 51
43 411.5 147 63 20
44 808 128 54 21
45 65 240 128 39
