1 532 292 100 79
2 600 231 72 59
3 690.5 188 65 46
4 737.5 164 51 35
5 776.5 145 47 29
6 458.5 271 97 67
7 532 230 78 50
8 601.5 188 67 43
9 658 168 54 36
10 711.5 151 55 30
11 338.5 279 115 61
12 464 232 196 112
13 602 165 58 36
14 458 193 82 36
15 522 171 72 34
16 554 149 56 28
17 592 136 46 25
18 369.5 211 99 38
19 235.5 229 99 43
20 347.5 198 79 39
21 429.5 179 73 36
22 489 158 70 38
23 544.5 139 55 32
24 498 138 52 30
25 909.5 397 103 75
31 662 149 62 34
33 85 274 136 60
34 507.5 497 239 96
35 637 397 208 93
36 272 249 108 48
37 724.5 134 55 31
38 698 541 266 65
39 180.5 409 189 76
40 52.5 541 103 84
