1 533.5 291 99 79
2 601 229 72 58
3 690 187 66 46
4 738 161 48 32
5 777.5 144 45 29
6 457.5 267 93 63
7 531.5 223 77 46
8 600 187 66 44
9 657 164 50 32
10 712 147 52 30
11 337.5 278 113 61
12 462 234 192 118
13 600.5 166 55 39
14 446 191 66 32
15 506.5 171 69 32
16 549 148 58 29
17 592.5 135 47 26
18 364 209 86 37
19 236 226 100 42
20 345.5 196 71 38
21 425 174 66 34
22 478.5 150 59 31
23 548.5 133 47 29
24 495.5 131 45 24
25 852.5 396 191 73
31 663 146 60 31
32 614 445 202 88
33 82.5 270 135 58
34 306.5 504 241 98
35 293 401 214 89
36 251 255 110 48
37 752.5 130 55 30
