1 533.5 291 97 79
2 603.5 231 69 60
3 691.5 185 65 45
4 737.5 163 53 37
5 777.5 143 47 30
6 457.5 268 93 65
7 534 225 74 46
8 601.5 185 65 44
9 658 164 50 34
10 710 143 50 24
11 339.5 278 111 63
12 463.5 232 193 116
13 602 166 58 39
14 447 187 62 32
15 503 170 68 32
16 553.5 148 53 31
17 591 137 48 29
18 350.5 215 81 39
19 234.5 229 99 48
20 340.5 189 63 33
21 417.5 181 69 39
22 470.5 154 75 35
23 546.5 128 47 23
24 482.5 139 55 29
25 796.5 396 191 72
30 848 507 226 98
31 665 148 58 35
32 449 432 202 80
33 67.5 272 133 59
34 181.5 506 247 100
35 152 401 220 84
36 149.5 285 131 55
