1 531.5 293 97 81
2 601 232 70 60
3 692 186 66 45
4 740 160 48 33
5 779.5 148 47 34
6 457.5 270 97 65
7 533 227 72 49
8 600.5 186 71 43
9 657 164 54 34
10 712 151 56 33
11 336.5 280 115 63
12 463.5 231 193 113
13 603 159 62 31
14 459 184 92 36
15 520.5 157 55 29
16 555 146 54 29
17 592.5 136 47 27
18 368.5 211 95 39
19 236 228 100 45
20 347 195 78 39
21 433 176 78 36
22 490 153 72 32
23 547 135 50 32
24 501 136 50 31
25 920 397 82 76
31 664.5 142 61 30
33 83.5 270 131 58
34 597 498 240 103
35 717 394 210 92
36 272 251 110 49
37 721 131 52 31
38 936 541 50 62
39 334.5 407 191 80
40 243 541 284 71
