1 533.5 291 101 84
2 601.5 230 71 61
3 692 187 66 51
4 738 158 48 34
5 777.5 141 45 30
6 458 265 94 64
7 531.5 222 77 47
8 599 184 66 44
9 657 161 50 33
10 714 143 52 28
11 337.5 272 111 58
12 464 226 194 113
13 603 159 58 36
14 439 193 66 36
15 512 162 66 35
16 553.5 145 55 31
17 591 132 50 27
18 245.5 239 113 40
19 237 218 100 39
20 344.5 193 71 38
21 420.5 173 71 37
22 482.5 150 61 35
23 545 129 52 29
24 421 150 64 32
25 561.5 406 195 78
26 840.5 469 197 90
30 507 502 240 101
31 687 138 60 33
32 133.5 426 197 77
33 29.5 274 57 43
