1 530 292 100 80
2 593.5 235 71 60
3 689 187 68 47
4 738 163 50 34
5 775 146 44 29
6 444.5 277 95 72
7 526 226 74 47
8 600 189 68 47
9 655.5 165 49 35
10 712 149 54 32
11 288 310 124 71
12 449.5 238 199 115
13 601 162 56 34
14 462 191 90 42
15 528 164 70 33
16 554 147 54 26
17 591.5 133 51 24
18 370 214 98 45
19 234.5 226 99 44
20 346 193 76 37
21 431.5 180 85 40
22 489 156 72 39
23 548 125 46 20
24 497 124 36 19
25 931.5 393 59 69
31 660.5 146 61 31
33 82.5 264 133 51
34 872 482 178 97
35 749 396 208 93
36 272 246 108 44
37 719.5 129 55 29
39 459 404 190 79
41 784 120 64 23
42 98.5 301 143 59
43 270.5 188 85 33
44 810 125 58 19
