1 426.5 397 127 117
2 538 282 90 74
3 666.5 204 73 52
4 724 167 56 33
5 775.5 147 53 30
6 222.5 493 157 143
7 400 305 106 72
8 553.5 212 77 49
9 645 173 54 38
10 707 154 58 33
12 212.5 384 329 210
13 533.5 187 71 40
14 443.5 190 73 39
15 501 165 66 30
16 551 151 58 32
17 593.5 136 51 27
18 357.5 216 103 44
19 234 225 98 39
20 346 196 78 38
21 428.5 178 69 37
22 484.5 149 59 29
23 546.5 132 53 28
24 499 128 54 21
31 622 155 66 32
33 83.5 273 127 58
35 885 395 152 91
36 248.5 262 115 51
37 706.5 133 55 28
39 633 404 184 78
41 780.5 124 59 25
42 120 291 120 54
43 440 149 62 28
44 799 129 64 21
45 273.5 195 83 33
