1 533.5 290 95 79
2 602 231 70 59
3 692 187 64 48
4 739 161 50 34
5 777.5 144 43 29
6 459.5 270 97 66
7 534.5 226 73 48
8 601 186 66 45
9 656.5 164 51 33
10 712.5 149 53 31
11 337 282 110 64
12 464 233 194 117
13 602.5 160 57 33
14 447 186 62 32
15 503 170 68 32
16 554 147 52 30
17 591 136 48 29
18 349 214 90 38
19 236.5 226 99 43
20 342.5 191 65 34
21 422.5 174 69 35
22 473.5 153 63 34
23 547 132 50 28
24 477.5 138 49 28
25 785.5 401 189 76
30 824 508 238 99
31 662 145 60 30
32 426.5 430 201 80
33 67.5 276 133 58
34 162 503 248 96
35 129.5 403 221 86
36 124 292 128 55
