1 534 293 98 80
2 602.5 230 73 59
3 691 188 64 48
4 738 162 50 34
5 776.5 144 47 29
6 459 268 94 64
7 532.5 228 75 51
8 599.5 186 69 44
9 656.5 164 53 34
10 713 149 52 30
11 335.5 280 113 61
12 463.5 228 195 108
13 601 165 56 37
14 446 188 64 32
15 504.5 171 69 32
16 550.5 146 57 26
17 590.5 135 51 26
18 355 209 78 35
19 236.5 225 99 41
20 346 195 74 39
21 417 176 68 35
22 484 154 62 34
23 547.5 131 47 27
24 487 136 48 28
25 828.5 399 189 75
30 908.5 507 105 100
31 663.5 150 59 36
32 522.5 435 199 81
33 84 268 132 55
34 246.5 503 245 96
35 216 402 216 89
36 209.5 266 117 48
37 767 128 56 31
