1 531.5 289 97 81
2 601.5 229 71 60
3 691.5 186 65 48
4 738.5 158 49 32
5 778 145 46 32
6 458 264 92 64
7 532.5 220 77 46
8 600 184 64 45
9 658.5 163 55 35
10 712 145 52 28
11 336.5 274 107 60
12 464 227 190 111
13 601 160 56 35
14 375 205 72 40
15 518 168 66 37
16 555 142 52 28
17 591.5 133 47 25
18 158.5 255 121 46
19 235.5 223 97 43
20 342 193 68 38
21 430.5 170 63 35
22 486 151 66 36
23 543.5 130 55 28
24 352.5 169 77 35
25 338 413 196 79
26 644 494 210 96
27 857 421 208 92
30 276.5 504 231 100
31 734 128 62 26
