1 533.5 292 101 79
2 601.5 229 75 55
3 691 191 66 49
4 738 162 48 31
5 777 146 48 31
6 458.5 272 97 66
7 531 227 74 49
8 599.5 191 69 47
9 658 166 50 34
10 714 156 54 35
11 334 283 114 66
12 465.5 232 193 113
13 601 165 56 36
14 452.5 206 85 44
15 511 174 68 35
16 555.5 151 55 28
17 590.5 139 47 30
18 364.5 217 91 45
19 236 229 102 43
20 348.5 199 79 40
21 436 177 84 34
22 487 154 66 35
23 544.5 137 51 31
24 499.5 135 51 27
25 913.5 395 95 72
31 660.5 149 61 34
33 84 271 132 58
34 528.5 499 243 99
35 663.5 397 205 92
36 270.5 250 113 49
37 724 135 54 34
38 782.5 541 271 65
39 218.5 412 189 81
40 82.5 541 163 84
