3 528 311 110 87
4 642.5 217 65 46
5 737.5 164 53 34
8 92 541 182 122
9 532 236 76 50
10 618 189 64 41
13 184 381 136 93
14 445 191 74 36
15 499.5 169 65 32
16 551.5 150 55 29
17 590.5 141 49 27
18 364.5 217 91 43
19 236 229 100 41
20 348 201 78 39
21 431 179 68 36
22 486 151 58 29
23 545.5 137 49 29
24 498 135 50 25
31 425.5 242 91 56
33 83 275 136 59
36 271.5 251 107 44
37 586.5 168 61 40
39 812 401 182 77
41 697.5 139 57 28
42 122 298 138 55
43 441 150 58 26
44 742.5 143 57 25
45 362 174 74 29
46 805.5 129 55 28
