1 438 380 122 108
2 544.5 279 87 74
3 669 202 72 51
4 726 166 54 33
5 776.5 146 49 28
6 251 457 144 128
7 416.5 296 105 71
8 563 208 72 47
9 646 172 52 37
10 707.5 151 57 30
12 233 369 312 203
13 540.5 184 67 39
14 444 189 76 38
15 499.5 167 67 33
16 551 150 58 31
17 591.5 138 49 27
18 360 216 102 41
19 237.5 223 107 37
20 348 201 84 41
21 431 176 66 35
22 486 149 60 28
23 546 133 54 29
24 498.5 130 51 22
31 628 156 64 33
33 81.5 272 129 57
35 881 396 160 91
36 246.5 266 117 53
37 710.5 133 59 29
39 627 405 186 80
41 779 123 56 23
42 125 294 144 58
43 438.5 150 61 29
44 805.5 127 55 21
45 264 201 94 39
