2 282 541 168 129
3 573 269 92 70
4 672 196 58 40
5 752 156 52 33
8 274 412 136 117
9 568.5 211 67 43
10 650 175 60 39
13 296.5 301 107 66
14 442.5 191 71 38
15 499.5 168 65 33
16 552 152 54 30
17 591 138 48 27
18 364.5 215 87 43
19 236.5 226 101 40
20 346.5 199 77 38
21 428 177 66 33
22 485.5 154 61 32
23 544 134 50 26
24 498.5 132 49 25
31 489 209 82 46
33 83 272 134 56
36 271 251 106 46
37 621.5 157 57 38
39 765.5 403 181 78
41 729 131 58 26
42 121 296 140 55
43 441 151 62 29
44 770 138 50 25
45 357.5 175 79 30
