1 533 292 98 80
2 601.5 232 75 61
3 691 187 64 47
4 739 161 52 34
5 777 142 46 28
6 459.5 268 93 64
7 533.5 228 75 52
8 599 187 70 44
9 655.5 164 53 35
10 714 148 52 29
11 336 283 116 64
12 463 228 194 107
13 602 165 56 37
14 446 189 64 32
15 505.5 171 69 32
16 553.5 147 59 28
17 590 135 50 26
18 360 207 86 34
19 236 225 100 42
20 345 194 72 37
21 415 174 68 33
22 481 152 54 33
23 548 132 46 29
24 488 135 48 27
25 832.5 400 191 77
30 917 508 88 101
31 664 151 58 37
32 533.5 437 199 83
33 84.5 269 131 54
34 255 503 246 96
35 226 402 214 88
36 217 266 114 48
37 764 127 54 30
