3 375.5 469 161 148
4 554.5 285 83 64
5 686 188 62 37
9 415 312 106 70
10 538 230 78 49
14 443 191 72 34
15 500.5 170 65 32
16 553 154 58 31
17 591.5 141 47 27
18 364.5 217 89 40
19 237.5 227 99 39
20 346 201 78 39
21 431 176 64 33
22 485.5 154 57 32
23 546 137 50 30
24 499 133 46 25
31 221.5 362 139 89
33 84.5 272 135 55
36 272 255 106 48
37 489.5 208 75 50
39 897 400 128 73
41 623.5 159 57 34
42 121.5 300 135 57
43 440 150 54 25
44 670.5 171 61 35
45 364.5 173 71 29
46 750 133 54 26
47 825.5 126 49 24
