1 535 292 98 79
2 602 228 70 56
3 690.5 189 65 49
4 739 163 48 34
5 776 145 48 30
6 458 270 96 65
7 532.5 227 77 49
8 600 186 68 45
9 657 163 52 32
10 712 150 52 31
11 335.5 275 109 55
12 464.5 230 195 111
13 600.5 163 55 36
14 446.5 188 63 32
15 504.5 171 69 32
16 546.5 146 55 24
17 590.5 138 51 28
18 347.5 211 65 36
19 239 225 98 40
20 346 198 76 42
21 420 180 68 38
22 487 158 74 36
23 547 131 48 26
24 486 138 48 30
25 822.5 398 187 74
30 896.5 505 129 98
31 663.5 148 61 34
32 505 433 198 79
33 82 265 132 56
34 233 502 244 96
35 201 403 218 90
36 198 268 122 48
37 770 129 58 32
