3 543 295 102 83
4 652 210 62 44
5 743 161 54 34
8 149 532 192 164
9 544 228 74 48
10 631 184 64 40
13 225.5 351 125 83
14 442.5 191 73 36
15 499 167 66 31
16 552.5 151 53 29
17 591 139 50 27
18 365 214 88 40
19 237.5 230 103 44
20 347 200 78 39
21 430.5 175 65 33
22 483.5 152 59 30
23 546 135 52 28
24 498.5 132 49 23
31 449.5 229 87 51
33 85 274 130 58
36 270.5 251 105 48
37 599 164 60 39
39 794.5 404 183 79
41 707.5 135 57 27
42 122 300 136 58
43 440.5 151 57 28
44 751 142 56 26
45 359 173 76 28
46 813 126 60 26
