1 533 291 98 81
2 600 228 72 59
3 690.5 186 67 47
4 739.5 159 51 33
5 777.5 145 49 32
6 457 267 90 65
7 530 223 76 47
8 601.5 183 69 42
9 657 162 52 33
10 712 147 52 32
11 337.5 280 113 63
12 464 227 194 112
13 602 162 58 35
14 437.5 194 69 34
15 501 173 68 32
16 554.5 144 51 28
17 591 133 48 26
18 318 224 100 39
19 236 224 96 42
20 345.5 191 73 36
21 424 174 72 35
22 486 154 66 36
23 545.5 131 51 28
24 456 143 52 30
25 714.5 401 191 75
26 915.5 456 91 94
30 673 505 244 99
31 667.5 142 59 31
32 300 427 202 77
33 53.5 272 105 52
34 85.5 501 169 92
35 59.5 402 117 86
