1 266 541 192 134
2 461.5 358 113 102
3 635 222 80 56
4 708 176 56 36
5 768 149 50 32
7 219.5 457 155 122
8 471 264 96 69
9 624.5 182 59 39
10 690 158 58 33
12 118 465 234 232
13 448.5 225 83 48
14 442.5 188 71 36
15 500.5 168 65 34
16 553.5 152 57 30
17 590.5 139 49 30
18 366.5 214 91 40
19 236.5 231 101 47
20 344 196 78 36
21 430 175 70 35
22 486 151 60 30
23 547.5 134 55 29
24 501 132 54 25
31 576 172 68 37
33 82.5 270 131 56
35 917 397 88 93
36 269 251 112 47
37 669 143 58 33
39 688.5 408 187 83
41 769 126 58 25
42 111.5 302 151 64
43 442 149 64 28
44 803.5 133 49 26
45 335.5 183 85 34
