3 230 541 178 95
4 472 359 108 86
5 643.5 214 69 45
9 287 409 136 104
10 475 270 94 61
14 442.5 191 71 36
15 498 172 64 33
16 553 154 58 30
17 591 138 50 24
18 364.5 220 91 42
19 235 231 102 43
20 347 200 78 37
21 429.5 175 67 31
22 485 153 58 30
23 545 137 50 29
24 496.5 132 49 22
31 48 502 94 113
33 83.5 271 133 54
36 267 254 104 46
37 400.5 252 91 67
39 933 403 56 76
41 576 177 64 39
42 120.5 298 135 55
43 442.5 151 63 26
44 614.5 193 67 40
45 366.5 171 69 26
46 710.5 140 53 28
47 792 135 48 30
