1 519 300 104 85
2 591 239 72 62
3 686 191 68 50
4 736 161 50 33
5 776.5 144 43 29
6 428 284 98 67
7 509.5 235 81 50
8 602 186 64 43
9 656.5 165 53 35
10 712 152 54 34
11 210 375 132 97
12 416.5 255 213 125
13 602 162 58 34
14 440.5 197 83 37
15 497.5 174 75 36
16 553.5 149 51 31
17 592 135 50 29
18 364 219 92 39
19 236 225 100 42
20 350.5 194 75 35
21 426 181 72 40
22 483.5 150 59 31
23 543 132 44 28
24 497 128 48 23
31 663.5 144 61 30
33 85.5 263 135 53
34 916 478 90 96
35 789.5 397 205 94
36 268 246 102 44
37 720 130 52 29
39 480 405 188 81
41 786.5 118 67 20
42 112 298 136 58
43 376.5 165 75 31
44 803.5 128 59 23
