1 496.5 317 111 87
2 574 250 76 65
3 679.5 193 67 49
4 735 162 52 34
5 776.5 144 45 28
6 376 323 110 82
7 486 246 84 49
8 596.5 188 65 42
9 654.5 165 55 33
10 711.5 150 53 32
11 58 541 114 126
12 347.5 294 253 151
13 581 166 58 33
14 443 190 78 33
15 502.5 166 65 34
16 553.5 148 57 31
17 592.5 133 47 26
18 365 226 90 43
19 239 226 106 43
20 345 197 90 40
21 426.5 176 71 34
22 485.5 150 57 32
23 546.5 135 51 30
24 499.5 130 45 24
31 655 145 62 29
33 87 271 136 59
35 859 397 204 94
36 274 253 104 46
37 720.5 130 55 30
39 559 404 184 80
41 783.5 118 59 22
42 118 294 142 56
43 432 150 62 27
44 805 128 58 21
45 148.5 222 105 36
