1 521 297 104 81
2 591 236 78 58
3 686.5 191 67 48
4 737 162 48 33
5 775 144 44 28
6 430.5 284 101 71
7 513.5 237 79 53
8 601 185 66 43
9 657 167 54 37
10 712.5 147 53 28
11 222 364 132 93
12 423.5 253 211 126
13 600.5 162 55 34
14 442.5 196 81 35
15 504 172 66 32
16 555 150 54 32
17 591.5 134 47 26
18 366.5 217 93 38
19 236.5 225 101 42
20 352.5 195 87 36
21 430.5 181 81 41
22 486.5 152 57 33
23 543 130 44 27
24 497 128 48 23
31 663 143 60 29
33 83.5 267 135 55
34 911.5 476 99 94
35 782.5 396 209 93
36 268.5 247 103 46
37 721 128 56 26
39 477.5 405 189 79
41 785 119 64 22
42 109 296 136 56
43 369 168 78 31
44 804 128 58 22
