1 532 292 98 80
2 598 235 72 63
3 690 186 66 45
4 737.5 162 53 33
5 777.5 146 49 29
6 457.5 269 95 67
7 532 229 78 51
8 599 190 66 48
9 657 166 52 36
10 712 150 54 33
11 335.5 278 111 63
12 462 229 192 113
13 600 162 54 35
14 447.5 190 83 39
15 517 167 70 35
16 555 147 54 29
17 591 137 46 28
18 365 213 88 43
19 237 227 102 44
20 350 198 84 42
21 432 180 80 40
22 489.5 157 75 39
23 544.5 134 53 31
24 498.5 133 45 28
25 921 397 80 75
31 661.5 148 61 35
33 83.5 266 133 54
34 717 490 236 97
35 744.5 394 207 92
36 271.5 248 107 48
37 721.5 134 55 32
39 439 407 188 81
40 664.5 541 275 51
42 44 311 86 48
