1 532 291 98 79
2 600.5 230 71 58
3 691.5 187 65 46
4 737.5 161 51 33
5 776.5 144 45 30
6 456 271 94 67
7 534 225 74 48
8 599.5 188 67 47
9 656.5 164 51 34
10 711 148 50 29
11 333.5 281 111 66
12 463 228 192 111
13 602 162 56 36
14 447.5 189 81 38
15 518 170 78 36
16 554 145 50 29
17 590.5 134 47 25
18 365 211 86 41
19 235 224 100 42
20 347.5 194 79 38
21 430 180 72 38
22 496 153 80 35
23 546 134 60 29
24 500 133 46 27
25 921 398 80 77
31 664 147 64 35
33 84 274 134 63
34 646.5 492 241 99
35 737.5 397 207 95
36 270 247 108 47
37 720.5 128 51 26
39 395 405 190 80
40 424 541 280 59
42 21 320 40 44
