1 531.5 292 99 80
2 601 230 70 58
3 689 186 64 47
4 740.5 160 47 31
5 776.5 144 47 30
6 456.5 269 93 67
7 532.5 225 79 48
8 599.5 186 65 44
9 655 164 52 33
10 713.5 148 51 30
11 336.5 274 109 55
12 463 232 192 110
13 601 160 54 33
14 440.5 188 69 31
15 510 165 66 31
16 556 145 52 26
17 591.5 135 45 26
18 362.5 213 87 42
19 238 226 102 44
20 346 195 74 39
21 425.5 177 71 37
22 482.5 152 61 35
23 543.5 133 51 28
24 498 128 46 22
25 871 398 180 74
31 664.5 146 61 31
32 697 446 210 85
33 84 275 136 64
34 343.5 503 247 99
35 351.5 397 213 88
36 268.5 241 109 38
37 743 130 54 31
38 49 541 96 77
