1 531.5 290 97 81
2 601.5 226 73 59
3 691.5 182 65 44
4 737.5 158 49 33
5 778.5 143 47 30
6 456.5 263 93 60
7 532.5 220 77 45
8 600.5 183 69 42
9 656.5 160 51 33
10 713 145 52 30
11 336 271 112 54
12 463 229 192 115
13 602 161 58 37
14 456 183 70 32
15 506 161 72 32
16 551 143 60 28
17 591 133 50 28
18 274.5 231 107 37
19 235.5 218 99 39
20 345.5 194 73 40
21 429 165 60 30
22 481.5 147 59 30
23 546 129 52 30
24 432.5 145 57 27
25 622.5 405 193 75
26 876 463 170 87
30 567 500 238 98
31 678 137 60 29
32 193 425 196 77
33 38.5 275 75 53
34 33 499 64 82
