1 532.5 289 97 80
2 602.5 226 73 59
3 692.5 182 65 44
4 738.5 158 49 33
5 777.5 143 47 30
6 456.5 265 93 62
7 532 220 78 45
8 601.5 183 69 42
9 657 161 50 33
10 712.5 145 51 30
11 336 272 112 56
12 463.5 229 193 115
13 601 161 58 37
14 455.5 183 69 33
15 507.5 162 71 33
16 551.5 143 59 28
17 591 133 50 28
18 277 232 108 38
19 236 218 100 39
20 345.5 194 73 40
21 429 165 62 30
22 480.5 146 57 30
23 545.5 130 51 30
24 434 145 58 28
25 628 405 192 75
26 878.5 462 165 87
30 573 500 238 98
31 677 137 60 29
32 198.5 425 195 77
33 39 274 76 52
34 36 500 70 84
