2 421.5 410 123 123
3 617 234 82 59
4 699.5 180 57 37
5 766 151 52 30
7 102 541 202 134
8 425 291 102 74
9 610 190 60 39
10 681 161 58 32
12 82 467 162 204
13 406 244 88 52
14 443.5 191 75 40
15 500.5 168 65 33
16 553.5 150 59 28
17 591.5 139 47 29
18 366.5 212 91 38
19 236.5 230 103 44
20 347 200 78 38
21 430.5 174 67 32
22 486.5 151 59 30
23 545 135 52 28
24 499 133 50 27
31 549.5 182 71 40
33 84.5 274 133 61
35 927 392 68 89
36 270.5 253 109 49
37 654.5 147 59 34
39 710 402 182 77
41 761 127 56 25
42 121.5 292 147 53
43 440 150 60 28
44 796 129 52 21
45 344.5 181 81 35
