1 534.5 289 95 80
2 604.5 226 71 56
3 692 184 64 46
4 740 158 48 32
5 780 144 48 33
6 461 261 96 60
7 532.5 224 75 48
8 602.5 184 67 45
9 658 162 56 35
10 712.5 148 55 34
11 334.5 278 111 66
12 464 226 192 112
13 601.5 163 59 38
14 347 214 80 38
15 512 161 64 32
16 555 143 58 29
17 591 133 52 27
18 141 262 126 49
19 237.5 220 99 40
20 347 191 74 35
21 426.5 171 73 34
22 487 149 62 34
23 546 128 52 29
24 325 178 80 37
25 259.5 418 197 80
26 555.5 504 217 98
27 788 417 204 85
30 194.5 502 241 97
31 753 132 56 31
