1 530.5 293 99 81
2 595 234 72 59
3 689 187 66 46
4 738 163 52 34
5 775.5 143 47 27
6 451 272 96 70
7 532 227 74 48
8 600.5 187 65 43
9 657 164 56 33
10 711 149 54 30
11 322 291 114 68
12 461 233 192 113
13 601 160 58 32
14 442.5 195 83 38
15 506 176 76 36
16 552.5 147 59 28
17 592.5 136 47 28
18 364.5 210 89 40
19 237.5 224 99 42
20 344 195 72 39
21 434 179 78 39
22 494.5 157 81 38
23 543.5 136 55 31
24 498 134 48 27
25 923 398 76 74
31 662.5 148 59 34
33 83.5 265 135 54
34 827 483 240 97
35 742.5 395 209 93
36 270.5 248 109 49
37 720.5 129 55 28
39 461 407 190 81
40 918 541 86 48
41 778.5 126 53 28
42 73 307 144 58
43 149 217 106 36
44 815.5 128 55 25
