3 338 515 176 170
4 535.5 303 87 71
5 677 197 64 42
9 385.5 331 107 75
10 523 239 78 51
14 439.5 194 71 37
15 500 169 64 32
16 554.5 154 57 30
17 594.5 140 49 27
18 365 216 90 40
19 236.5 230 101 42
20 345 203 78 39
21 432 174 66 29
22 485.5 155 57 31
23 546.5 139 49 31
24 500.5 135 51 26
31 166 400 154 103
33 85 274 132 57
36 271.5 251 103 42
37 468 219 78 53
39 906 400 110 74
41 611.5 162 59 34
42 123.5 300 137 56
43 440 150 56 24
44 658 176 64 37
45 365.5 173 71 27
46 741 137 56 29
47 818 131 50 28
