3 524.5 312 111 87
4 641 218 66 46
5 736 163 52 33
8 87 541 172 113
9 530 237 76 50
10 617 190 64 42
13 179 385 138 94
14 446.5 191 75 36
15 499.5 169 65 32
16 551.5 151 55 30
17 589.5 142 49 28
18 365 218 92 44
19 236.5 228 99 40
20 348 201 78 39
21 431 179 68 36
22 487 151 58 29
23 546.5 138 49 29
24 498 136 50 26
31 423.5 244 93 56
33 83 275 138 60
36 272.5 251 107 44
37 585 169 62 40
39 813.5 401 181 77
41 696 140 56 29
42 121.5 297 139 54
43 441.5 150 59 26
44 742 144 58 26
45 362 174 72 29
46 805 129 54 28
