1 532 292 100 79
2 600 231 72 59
3 690.5 188 65 46
4 738 163 50 34
5 776.5 145 47 29
6 458.5 271 97 67
7 530.5 230 77 50
8 601.5 188 67 43
9 657.5 168 53 36
10 711.5 152 55 31
11 338.5 280 115 62
12 465 231 196 112
13 601.5 165 57 36
14 458 196 82 37
15 519 171 72 34
16 553.5 150 57 29
17 591.5 137 47 26
18 370.5 212 99 39
19 235.5 229 99 43
20 347.5 198 79 40
21 431.5 179 75 36
22 488 158 68 39
23 544.5 139 55 33
24 499 137 52 29
25 911 396 100 74
31 661 150 62 35
33 85.5 274 135 60
34 514.5 498 239 97
35 645.5 396 207 92
36 272.5 249 109 48
37 724 135 54 32
38 727.5 541 267 65
39 194.5 410 189 78
40 62.5 541 123 86
