1 527 294 100 80
2 593 238 70 63
3 687 188 66 47
4 736.5 163 55 36
5 776.5 144 47 29
6 442 278 100 69
7 522 229 76 48
8 598 187 66 45
9 656 164 54 35
10 712 150 56 33
11 271 321 126 74
12 443 241 200 121
13 599.5 163 53 35
14 445 192 78 35
15 506 174 68 36
16 553.5 146 55 28
17 591.5 135 45 26
18 365.5 215 87 40
19 236 225 102 43
20 348 194 78 37
21 416.5 173 73 33
22 479.5 156 77 38
23 546.5 125 43 21
24 499.5 125 41 20
25 936.5 389 49 63
31 662.5 146 63 31
33 84 266 138 55
34 886.5 477 149 94
35 755.5 396 203 95
36 270.5 246 107 47
37 720 130 56 30
39 461 405 190 79
41 784 119 62 21
42 101 297 142 56
43 304.5 182 77 32
44 805 128 60 23
