1 511 307 106 85
2 586.5 243 73 64
3 684 190 68 46
4 736.5 161 51 33
5 775 141 46 26
6 413.5 296 103 73
7 502 242 82 53
8 599.5 187 63 45
9 656 163 52 32
10 712 149 52 31
11 138 447 154 126
12 393 271 230 137
13 596.5 162 57 33
14 448.5 196 85 40
15 503.5 161 59 29
16 551.5 149 53 31
17 590 135 50 26
18 369 218 90 39
19 235.5 223 101 40
20 350 194 80 38
21 436.5 176 73 36
22 487 148 56 29
23 547.5 132 51 27
24 499 129 52 23
31 663 146 62 33
33 84.5 267 133 54
34 942.5 459 37 65
35 818.5 395 209 92
36 270 247 106 46
37 720 127 54 26
39 514.5 404 185 78
41 783.5 118 59 20
42 117 293 138 54
43 409.5 150 65 22
44 806 127 56 20
45 59 244 116 42
