1 535 291 98 78
2 601 230 72 58
3 691 188 64 48
4 738.5 162 49 33
5 776.5 144 47 29
6 457 268 96 64
7 533 225 76 46
8 600 185 68 43
9 657 163 52 32
10 712 147 52 29
11 335 276 108 58
12 463 231 194 113
13 600.5 164 57 37
14 446.5 188 63 32
15 504.5 171 69 32
16 548.5 147 57 27
17 591 136 50 27
18 348.5 209 71 34
19 238 225 100 41
20 344.5 195 71 39
21 421 178 70 37
22 481.5 157 73 36
23 545 131 48 26
24 485.5 137 49 29
25 816 397 188 74
30 887 505 148 97
31 662.5 148 61 33
32 493.5 434 197 80
33 79.5 268 131 57
34 223.5 502 245 96
35 190.5 402 219 89
36 188.5 271 123 50
