1 532.5 293 101 82
2 598.5 235 71 63
3 690 187 66 46
4 735.5 161 53 32
5 776.5 146 49 29
6 457.5 273 95 72
7 531.5 228 79 51
8 599 190 66 49
9 656.5 167 53 37
10 711.5 147 53 30
11 334 277 112 62
12 462 230 194 115
13 600 162 52 35
14 446 188 82 37
15 513.5 166 67 33
16 555 145 52 27
17 591.5 137 45 28
18 363.5 213 85 43
19 236.5 228 103 45
20 351.5 200 87 43
21 434.5 182 79 42
22 489.5 157 77 39
23 544 133 54 31
24 499 133 44 28
25 921 397 80 75
31 660 147 60 34
33 84 267 134 54
34 710 493 234 99
35 745 394 206 93
36 271.5 248 107 50
37 721 134 54 32
39 435.5 407 189 81
40 642.5 541 273 51
42 41.5 307 81 44
