1 453 367 118 106
2 549 273 88 69
3 670.5 198 71 49
4 728 166 54 33
5 775 148 48 30
6 276.5 426 135 119
7 431.5 287 99 70
8 571.5 202 75 45
9 648.5 169 51 35
10 708 155 58 34
12 257.5 355 303 186
13 548.5 182 69 39
14 442 189 74 40
15 499.5 165 65 32
16 551.5 148 55 29
17 592.5 138 47 28
18 359.5 227 103 51
19 239 231 106 44
20 347 205 88 46
21 431 172 68 31
22 484.5 149 59 30
23 549.5 137 51 31
24 499 136 52 30
31 634.5 156 61 35
33 82.5 272 127 58
35 879.5 397 163 92
36 252 267 124 53
37 714 133 58 30
39 616.5 403 181 80
41 779.5 119 53 21
42 116 294 128 56
43 439.5 152 65 31
44 803.5 129 61 24
45 249 206 90 40
