1 279.5 541 195 147
2 469.5 350 111 98
3 638.5 218 81 54
4 711 175 56 36
5 768.5 148 51 31
7 241 434 148 109
8 480 255 94 63
9 627 181 58 39
10 692 160 58 35
12 126 460 250 234
13 456 222 82 48
14 442.5 189 75 36
15 501 166 66 33
16 555 153 58 32
17 590.5 140 51 30
18 365.5 210 91 36
19 238.5 231 101 45
20 344 194 78 35
21 429.5 176 69 35
22 484.5 153 61 34
23 549.5 132 53 29
24 501.5 132 51 26
31 578.5 171 67 36
33 82 267 128 55
35 916 395 90 91
36 265.5 251 117 48
37 672 144 60 36
39 683.5 405 189 80
41 769 128 54 29
42 122 298 142 62
43 443 150 60 29
44 803.5 131 51 24
45 331.5 183 85 35
