1 533 291 98 82
2 601.5 228 71 60
3 691.5 188 65 51
4 738 161 50 35
5 779 143 48 30
6 456.5 268 95 69
7 535.5 222 77 49
8 600 185 66 46
9 658.5 162 53 35
10 712.5 145 51 30
11 334.5 275 111 61
12 463.5 229 193 116
13 602.5 161 57 37
14 398.5 200 61 34
15 516 166 66 33
16 555 141 54 26
17 590.5 133 51 29
18 193.5 249 117 49
19 236.5 215 99 36
20 344.5 192 69 39
21 431.5 166 61 32
22 481.5 146 59 33
23 546 130 58 31
24 387.5 158 71 32
25 441 412 196 80
26 745.5 480 209 91
27 903 413 116 84
30 386 502 236 100
31 711 131 62 28
32 61.5 423 121 77
33 15.5 282 29 45
