1 507 308 108 85
2 584 244 76 64
3 682.5 191 69 48
4 736.5 162 53 34
5 775 143 48 27
6 407.5 300 103 74
7 499.5 243 83 53
8 599 188 64 46
9 655.5 164 51 33
10 712.5 150 55 32
11 118.5 465 161 130
12 385 275 232 139
13 594.5 161 57 32
14 448.5 195 83 40
15 503 163 60 30
16 552.5 149 55 31
17 591 133 50 24
18 369.5 220 93 41
19 234.5 222 97 39
20 350.5 196 81 38
21 438.5 174 75 38
22 488 146 54 27
23 547.5 134 51 28
24 498.5 130 53 23
31 663 144 62 30
33 84 268 132 54
35 828 393 212 90
36 272.5 248 111 46
37 720 128 54 27
39 524 402 184 76
41 781 118 54 20
42 118.5 292 137 52
43 413 149 62 23
44 806 128 58 22
45 76.5 236 121 37
