1 532 287 96 79
2 603 227 72 60
3 692 181 64 44
4 739 158 48 32
5 777 142 48 30
6 456.5 269 95 66
7 531.5 219 79 45
8 601.5 183 67 41
9 657 161 48 32
10 711 146 50 31
11 336 276 112 61
12 464 231 194 115
13 601 162 58 38
14 455.5 183 67 34
15 510.5 163 69 35
16 552 143 56 29
17 590.5 133 49 28
18 282.5 231 111 38
19 236.5 220 101 39
20 345.5 194 73 40
21 429.5 166 65 31
22 480 143 52 28
23 545 128 50 28
24 437 146 60 30
25 639.5 405 191 75
26 883.5 459 155 86
30 584.5 501 237 97
31 676.5 137 61 29
32 209 425 194 75
33 40.5 273 79 50
34 42.5 502 83 90
