1 533 289 94 80
2 604 228 70 60
3 691.5 186 65 47
4 739 160 52 36
5 781.5 142 49 31
6 459 265 96 65
7 534 223 78 50
8 602.5 186 65 47
9 658.5 161 49 36
10 712.5 147 51 32
11 336.5 275 111 60
12 464 231 192 116
13 601.5 159 57 36
14 290 236 100 44
15 511 159 64 36
16 555 141 50 26
17 591 131 48 26
18 125.5 262 123 46
19 236 224 100 45
20 342 191 68 37
21 426.5 170 69 37
22 485 150 64 36
23 542.5 135 57 35
24 266 186 88 35
25 118 415 196 77
26 379.5 513 227 95
27 666 418 200 85
28 910.5 487 101 95
30 86.5 497 171 93
