1 533 290 98 78
2 595 235 74 60
3 689 187 66 45
4 739 164 50 35
5 775.5 146 45 31
6 458 271 96 67
7 532.5 224 69 45
8 600 186 66 42
9 660 167 54 36
10 712.5 153 53 34
11 336 280 120 62
12 463 235 192 120
13 602.5 165 59 37
14 455 187 86 39
15 511.5 166 71 37
16 554.5 146 55 30
17 590 136 48 26
18 371 210 100 43
19 236.5 226 99 43
20 347.5 195 79 38
21 428.5 176 79 36
22 486 153 74 34
23 545.5 138 55 32
24 500 134 50 27
25 921.5 397 79 75
31 665 155 62 42
33 83.5 265 133 53
34 742.5 490 241 97
35 743.5 397 209 94
36 272 246 108 47
37 719 131 56 30
39 449 402 188 76
40 755 541 276 49
41 781 131 58 33
42 51 310 100 50
43 25.5 250 49 31
