1 534 288 96 80
2 601.5 227 71 60
3 691 187 68 50
4 740 160 50 35
5 781.5 140 47 29
6 457.5 263 95 62
7 533 224 76 51
8 602.5 184 67 44
9 657.5 160 51 35
10 712.5 147 49 32
11 335.5 271 111 56
12 463.5 227 193 112
13 602 160 58 37
14 270 245 106 48
15 509 162 64 36
16 555.5 140 51 27
17 592 133 50 29
18 122.5 263 121 50
19 236 222 98 45
20 343 191 68 37
21 429 171 66 37
22 482 150 64 37
23 543.5 131 55 31
24 247 190 86 36
25 90 415 178 79
26 330.5 517 225 100
27 624.5 418 201 85
28 891 488 140 93
30 63.5 497 125 94
