1 534.5 290 99 80
2 601.5 228 73 59
3 690.5 185 65 48
4 739.5 158 49 32
5 777 143 48 31
6 458 269 92 70
7 530.5 224 75 49
8 600.5 184 67 44
9 656.5 160 53 32
10 711 146 50 33
11 339 278 116 61
12 466.5 228 197 112
13 602 161 58 36
14 435 200 76 40
15 521 170 62 35
16 553.5 144 53 28
17 589.5 133 49 25
18 312.5 229 103 42
19 236 223 98 40
20 345 191 70 35
21 421.5 171 69 31
22 487.5 152 65 33
23 544 132 54 29
24 451 141 48 28
25 702.5 400 191 75
26 909 455 104 93
30 656 506 242 101
31 669.5 139 59 28
32 282.5 425 201 75
33 50.5 276 99 55
34 76.5 501 151 91
35 51 400 100 85
