3 512.5 322 109 90
4 633.5 223 69 48
5 732 165 56 32
8 61 541 120 78
9 520.5 240 79 49
10 611 193 66 42
13 154.5 404 147 102
14 445 191 74 36
15 499 169 68 31
16 551 149 52 28
17 592.5 139 51 26
18 365 218 88 44
19 236.5 227 99 39
20 348 202 78 39
21 431.5 180 67 36
22 486 151 56 29
23 547.5 138 51 30
24 498 134 48 25
31 411 250 94 58
33 84 273 138 58
36 272.5 251 107 44
37 578.5 173 63 41
39 823 404 182 78
41 688.5 140 59 28
42 122 296 138 53
43 441.5 150 59 27
44 735 145 56 27
45 363.5 174 75 28
46 800.5 126 55 25
