1 399 429 130 129
2 525 296 94 82
3 662 208 70 54
4 720.5 168 53 34
5 774 146 48 30
6 166 541 186 142
7 368 323 114 72
8 539.5 219 79 50
9 641 177 56 40
10 702 152 56 31
12 175.5 415 349 226
13 515.5 190 71 36
14 444.5 189 75 36
15 501.5 167 67 33
16 554 149 60 31
17 590.5 138 51 27
18 362 214 94 40
19 234.5 226 103 43
20 344.5 197 79 38
21 429.5 176 67 35
22 489 149 58 31
23 548 131 50 28
24 501 128 52 20
31 612.5 159 67 34
33 83.5 270 135 56
35 891 394 140 91
36 256 257 128 48
37 700 134 58 27
39 644 401 182 77
41 776.5 123 55 24
42 124.5 296 151 53
43 437 151 54 28
44 799 131 66 23
45 286 191 72 34
