1 532.5 289 97 81
2 602.5 228 69 60
3 691 186 66 48
4 738.5 160 49 36
5 780 139 48 29
6 458.5 264 97 64
7 533 224 78 51
8 601 185 68 45
9 658 162 48 36
10 711 146 48 31
11 336 275 110 61
12 464.5 230 193 116
13 601.5 159 57 36
14 283 239 100 46
15 504.5 159 65 36
16 556.5 140 49 26
17 591 130 48 26
18 123 262 120 46
19 236 224 100 45
20 342 191 70 37
21 428.5 168 69 37
22 483.5 151 65 38
23 541.5 135 57 35
24 259.5 186 87 34
25 103 414 204 79
26 363.5 514 225 96
27 653 415 202 84
28 904.5 489 113 96
30 78.5 495 155 93
