3 234 541 184 102
4 475.5 356 107 85
5 644.5 213 69 45
9 292 406 134 103
10 477.5 268 93 61
14 442.5 191 71 36
15 498.5 173 65 34
16 553 154 58 30
17 590.5 138 49 24
18 365 220 90 43
19 235.5 230 103 42
20 347 200 78 37
21 430 175 68 31
22 484.5 152 59 30
23 544 137 50 29
24 497.5 133 49 22
31 53 502 104 119
33 84 270 132 53
36 267.5 255 105 48
37 404.5 249 91 65
39 931.5 404 59 77
41 578.5 175 63 38
42 120.5 298 135 55
43 442.5 151 63 26
44 616.5 193 67 41
45 367 172 70 27
46 712.5 139 53 28
47 793.5 135 47 30
