1 532.5 287 97 81
2 601 225 74 57
3 691.5 186 67 50
4 740 160 52 36
5 784.5 139 51 30
6 457 261 94 60
7 533.5 222 77 48
8 601.5 182 71 45
9 657.5 158 55 32
10 711 144 52 30
11 338 269 110 54
12 463.5 223 189 109
13 600.5 160 59 38
14 246 252 110 47
15 511.5 160 61 36
16 557 139 46 26
17 591 130 48 27
18 120 259 120 45
19 236 218 100 39
20 343 189 64 38
21 432.5 165 59 32
22 484.5 147 65 33
23 547 128 54 29
24 228.5 196 93 39
25 69 409 136 75
26 278.5 518 231 101
27 583.5 421 207 89
28 869.5 487 183 91
30 42 501 82 90
