1 527 295 98 81
2 595 238 70 63
3 687.5 189 67 48
4 737 162 50 34
5 774.5 142 45 26
6 443.5 276 99 69
7 523 230 76 49
8 599.5 186 67 44
9 656.5 163 55 33
10 712 149 54 32
11 279 315 122 74
12 445.5 240 199 117
13 600 163 54 36
14 449 194 84 38
15 512.5 175 71 37
16 552 147 56 28
17 590.5 137 49 28
18 366 215 90 42
19 236.5 225 103 42
20 344 192 70 35
21 416.5 173 69 33
22 482.5 156 71 39
23 547.5 130 41 24
24 498.5 128 41 23
25 934.5 390 53 64
31 661.5 145 61 30
33 84 267 136 56
34 881.5 478 159 93
35 751.5 396 205 95
36 271 245 106 45
37 721 131 54 30
39 461 402 190 76
41 784 119 62 22
42 99 297 142 56
43 288.5 186 79 33
44 806.5 127 57 22
