3 540 299 104 83
4 649 212 62 45
5 741 164 54 36
8 126.5 541 207 162
9 540.5 231 75 49
10 628 184 64 39
13 214 360 128 87
14 442.5 190 73 35
15 500.5 166 65 30
16 553 149 52 27
17 592 138 48 26
18 364 215 88 40
19 237.5 230 103 44
20 347 200 78 38
21 430 176 66 33
22 484.5 151 59 29
23 544.5 136 49 29
24 498 132 50 23
31 442.5 232 87 52
33 85 274 132 58
36 270 252 106 47
37 596 165 60 39
39 799.5 404 183 80
41 703.5 136 57 27
42 122 300 136 59
43 440.5 152 57 28
44 748 142 54 25
45 358.5 175 77 31
46 811 126 60 27
