1 534.5 287 97 77
2 602 228 72 60
3 691 182 66 45
4 737.5 159 49 33
5 777.5 142 49 30
6 457.5 269 93 69
7 531.5 224 71 50
8 601 182 66 42
9 657.5 160 51 34
10 712 144 48 30
11 336.5 277 115 62
12 465.5 228 195 111
13 601.5 158 57 35
14 437 192 76 35
15 502 164 70 30
16 553.5 144 59 29
17 590 132 52 24
18 302 230 106 43
19 233.5 221 97 39
20 343 193 68 40
21 422 174 70 36
22 481 150 64 33
23 545.5 131 55 29
24 444.5 143 49 29
25 675.5 401 189 73
26 899 455 124 90
30 625 501 238 96
31 671.5 136 57 27
32 251.5 426 197 75
33 47 277 92 55
34 63 505 124 98
35 37.5 402 73 86
