1 529.5 292 99 80
2 594 235 74 60
3 689 187 68 47
4 737 163 52 34
5 774.5 145 45 29
6 445.5 277 97 71
7 527.5 226 77 48
8 601 188 68 46
9 656 165 50 35
10 711.5 150 55 32
11 292 306 122 70
12 451.5 237 197 116
13 601 164 56 36
14 456.5 189 87 40
15 522 168 72 36
16 553.5 147 55 27
17 591 135 50 27
18 367.5 212 91 43
19 235 226 98 44
20 345 194 74 38
21 427.5 179 81 39
22 487 156 76 38
23 545 126 44 21
24 497.5 127 43 22
25 931 393 60 69
31 661.5 143 59 28
33 83.5 265 133 53
34 869 482 184 96
35 748.5 397 207 94
36 270.5 245 109 44
37 720.5 130 55 29
39 459 406 190 81
41 784 119 64 22
42 96.5 300 143 57
43 263.5 190 89 33
44 809 125 58 20
