1 532 290 98 82
2 601.5 227 69 60
3 691.5 186 67 48
4 739 160 48 36
5 780 139 48 29
6 459 264 98 63
7 533 224 78 51
8 600.5 185 69 45
9 658 162 48 36
10 710.5 146 47 31
11 336 275 110 62
12 465 229 194 115
13 602 158 56 35
14 279 241 100 47
15 500.5 159 65 36
16 556.5 140 49 26
17 591 129 48 26
18 122.5 263 119 46
19 237 225 100 46
20 341 190 70 36
21 430 167 68 37
22 483 152 66 39
23 541 135 56 35
24 256 186 86 33
25 100 414 198 80
26 355 514 224 96
27 646.5 414 203 84
28 901.5 490 119 96
30 74.5 494 147 93
