3 545.5 294 101 83
4 653.5 208 61 43
5 744 161 54 34
8 160 523 184 161
9 546 227 74 48
10 632 184 64 40
13 230.5 348 123 82
14 442.5 191 73 36
15 499 168 66 32
16 551.5 152 53 30
17 590.5 140 51 28
18 365 213 88 40
19 237.5 230 103 44
20 346 200 78 39
21 431.5 175 65 33
22 483.5 152 59 30
23 546.5 136 53 28
24 498 131 48 23
31 452.5 227 87 50
33 86 274 130 58
36 270.5 251 105 49
37 601.5 164 61 39
39 791.5 404 183 78
41 709.5 135 57 27
42 122 300 136 58
43 440.5 151 57 28
44 751.5 143 57 27
45 359.5 172 75 27
46 813 126 60 26
