3 502 332 114 94
4 626 228 70 49
5 729 168 56 33
9 513 245 80 50
10 604 197 68 44
13 128 424 154 109
14 444 192 74 37
15 499.5 169 67 32
16 553.5 151 57 29
17 592 139 50 25
18 364 217 88 42
19 236 230 100 42
20 348 199 78 36
21 430.5 177 67 34
22 485.5 151 57 29
23 546.5 136 51 29
24 498 135 50 26
31 396.5 258 97 60
33 84.5 272 137 56
36 271.5 253 105 48
37 571.5 177 65 42
39 833 402 180 76
41 682 142 58 29
42 122 297 138 54
43 440 151 56 28
44 729.5 148 55 28
45 363 171 72 25
46 795.5 128 55 26
