1 534 289 98 80
2 602 228 70 60
3 692.5 186 67 50
4 740 159 52 35
5 780 141 48 31
6 460 264 96 63
7 533.5 222 79 48
8 601 186 70 47
9 657.5 159 53 32
10 711.5 144 53 30
11 333.5 275 111 62
12 463.5 230 193 116
13 601.5 160 57 36
14 321 224 92 41
15 505.5 161 61 36
16 555 144 56 29
17 591.5 132 49 27
18 132 261 124 49
19 235.5 220 97 41
20 345 191 72 38
21 427.5 167 73 36
22 483 151 68 36
23 543.5 129 57 29
24 293 177 80 32
25 186.5 413 203 77
26 463 504 224 94
27 725 418 200 86
28 939 479 44 88
30 120 500 238 95
31 771 129 62 33
