1 534.5 289 97 77
2 601 229 70 59
3 691 186 66 44
4 741 161 48 33
5 778 146 46 31
6 459.5 265 97 61
7 534 224 74 46
8 602 188 64 44
9 656.5 165 51 33
10 710 149 52 32
11 335.5 279 113 62
12 463.5 238 193 122
13 601 163 56 37
14 445.5 190 65 32
15 506.5 171 69 32
16 554 148 58 29
17 591 132 48 24
18 361 210 80 38
19 235.5 228 101 45
20 345 197 70 38
21 420 171 60 30
22 476 150 62 32
23 549 134 48 31
24 494.5 134 43 27
25 848 398 194 75
31 663.5 146 61 32
32 593.5 444 205 90
33 82 270 134 58
34 296.5 500 245 93
35 278 406 216 93
36 245.5 255 111 45
37 756 128 54 29
