2 381 462 140 139
3 602.5 245 89 62
4 690.5 184 55 37
5 762 153 50 32
8 380 322 108 83
9 596 195 60 39
10 669.5 166 59 36
12 52.5 481 103 190
13 371 264 96 57
14 444 190 74 37
15 500 168 64 31
16 552.5 152 59 32
17 590 136 48 26
18 364 214 92 39
19 236 231 102 44
20 345.5 196 75 36
21 429.5 174 71 33
22 484.5 153 61 32
23 546 137 54 31
24 498 132 54 25
31 531 190 72 42
33 84 271 138 56
35 934.5 387 53 79
36 269.5 247 107 43
37 642.5 148 57 33
39 732 403 184 77
41 750 129 58 27
42 122 290 140 49
43 438.5 148 55 26
44 789 133 50 24
45 350 176 80 30
