1 450.5 369 119 106
2 548 274 88 70
3 670 199 72 49
4 728 166 54 33
5 775 147 48 29
6 272 431 136 120
7 429 288 100 70
8 570 202 74 45
9 648.5 170 51 35
10 707.5 154 57 33
12 253 357 304 189
13 547.5 182 69 39
14 442 190 74 40
15 499.5 165 65 32
16 551 148 56 29
17 591.5 137 47 27
18 360.5 225 103 49
19 238 228 106 42
20 348 204 88 45
21 431 173 68 32
22 485.5 149 59 29
23 549 136 52 31
24 499 134 52 28
31 632.5 156 61 35
33 83 271 128 57
35 879.5 397 163 92
36 250.5 267 123 53
37 713 133 58 30
39 618 403 182 80
41 780 120 54 21
42 118 294 132 57
43 439 151 64 30
44 804.5 129 59 24
45 251.5 206 91 40
