1 395.5 433 133 131
2 523 297 94 81
3 661.5 208 71 54
4 720.5 168 53 34
5 774.5 146 49 30
6 161 541 182 136
7 364.5 327 115 74
8 537.5 220 79 51
9 641 176 56 40
10 702.5 152 57 31
12 173.5 419 345 230
13 513.5 191 71 37
14 444.5 189 75 36
15 501.5 168 67 33
16 554 149 60 31
17 591.5 138 51 27
18 362.5 214 93 40
19 234.5 225 101 42
20 344.5 197 79 38
21 429.5 176 67 35
22 488.5 150 59 31
23 547.5 131 51 28
24 500 129 52 21
31 611.5 159 67 34
33 84 271 136 57
35 892.5 394 137 91
36 257 256 128 49
37 699 133 58 27
39 645 401 182 77
41 777.5 123 57 24
42 124 298 148 56
43 438 151 56 28
44 800.5 130 63 23
45 289 190 74 34
