1 535 290 98 80
2 602.5 229 69 61
3 691.5 185 65 49
4 739.5 160 53 35
5 780 142 48 31
6 459.5 264 97 62
7 535 222 78 48
8 601.5 184 69 45
9 657.5 158 51 31
10 711.5 144 53 30
11 339 275 114 61
12 463 228 190 115
13 602 160 58 37
14 311.5 230 97 42
15 504 163 64 36
16 554 141 58 28
17 592 133 48 26
18 130.5 261 125 49
19 234.5 219 97 39
20 342.5 190 69 36
21 428 170 68 36
22 483 148 62 35
23 544.5 130 53 30
24 281 182 76 34
25 157.5 414 199 75
26 430.5 509 223 96
27 701.5 420 201 90
28 928.5 488 65 99
30 105 499 208 91
