1 514 304 108 84
2 588 239 72 60
3 684 190 66 46
4 737.5 164 51 36
5 777 143 44 29
6 420 288 106 68
7 504.5 241 81 53
8 599.5 189 63 48
9 656 165 52 35
10 711.5 152 53 34
11 166.5 412 143 109
12 402.5 265 217 136
13 598.5 163 55 34
14 448 196 86 41
15 502 161 62 30
16 552 148 54 30
17 591 134 50 25
18 368 215 88 40
19 234.5 224 99 41
20 348.5 195 77 38
21 432.5 179 73 39
22 484.5 150 59 32
23 544 131 44 28
24 499 132 48 27
31 662 146 62 33
33 84 272 136 60
34 934.5 462 53 74
35 803.5 395 207 93
36 270 245 104 43
37 721.5 129 55 28
39 500 408 190 83
41 782.5 119 57 21
42 114.5 298 141 58
43 398.5 158 67 29
44 805 129 58 23
45 31.5 249 61 42
