1 533 291 98 78
2 601 227 68 55
3 690 186 66 45
4 738 161 52 33
5 776.5 145 45 30
6 458 267 94 61
7 532.5 227 75 49
8 600 188 68 44
9 658 165 54 35
10 712 149 50 30
11 336.5 279 115 60
12 462 231 194 111
13 601.5 164 57 36
14 454.5 191 83 37
15 519 166 62 33
16 555.5 147 53 27
17 591 135 46 25
18 366.5 209 95 40
19 237 230 98 45
20 346 197 72 38
21 422.5 176 69 34
22 482 152 68 33
23 545 137 52 32
24 497.5 132 47 25
25 885.5 393 151 70
31 663 148 58 33
32 848.5 459 225 88
33 85 271 134 56
34 407.5 498 241 97
35 468 396 210 89
36 269.5 248 109 46
37 733.5 134 53 34
38 241.5 541 265 66
39 42 412 82 72
