3 354.5 498 169 163
4 543.5 295 83 68
5 680 192 62 39
9 398.5 324 107 74
10 530 235 78 50
14 440.5 194 67 36
15 501 168 62 30
16 553.5 154 59 31
17 593 140 46 27
18 363 216 88 40
19 237.5 229 99 40
20 345 202 78 40
21 432.5 174 65 30
22 485.5 156 57 32
23 545.5 139 47 32
24 499.5 134 47 26
31 193.5 383 151 98
33 83.5 274 131 57
36 270.5 254 103 46
37 477.5 214 79 53
39 903 399 116 73
41 616.5 160 59 34
42 122 299 136 56
43 440.5 149 55 24
44 663.5 173 63 35
45 365 172 72 27
46 744.5 135 55 28
47 819.5 128 49 25
