1 531 292 96 80
2 595 238 70 62
3 689.5 190 63 48
4 736 162 50 33
5 777.5 143 43 29
6 450.5 274 97 69
7 531.5 226 75 49
8 600 188 66 45
9 656 165 52 34
10 712 149 54 31
11 315 295 116 68
12 456.5 232 195 114
13 601.5 163 55 35
14 449 191 88 35
15 508 169 70 35
16 553.5 148 59 30
17 590 138 50 30
18 369 211 98 40
19 237 223 102 40
20 344 194 70 36
21 425 178 74 37
22 491 154 72 37
23 542.5 132 49 29
24 498.5 133 43 28
25 926.5 395 69 71
31 662.5 144 63 30
33 83 261 132 47
34 849 481 224 94
35 744.5 395 209 92
36 270 248 104 47
37 720 130 56 30
39 459.5 407 187 82
41 781.5 118 59 21
42 77.5 303 153 58
43 199.5 206 99 35
44 813 128 52 23
