1 534.5 289 97 80
2 603 228 70 59
3 692 186 66 49
4 739 159 50 35
5 780 141 48 31
6 460.5 263 95 64
7 532.5 222 79 48
8 600.5 186 69 48
9 658 160 54 34
10 712 145 54 31
11 332.5 274 111 62
12 464.5 230 195 116
13 601.5 161 57 36
14 328 221 88 41
15 510.5 159 59 35
16 556.5 145 53 29
17 591.5 132 49 27
18 133 261 124 49
19 237.5 221 99 42
20 346 190 72 38
21 426.5 167 77 35
22 483 153 70 37
23 542.5 129 59 30
24 302 176 82 32
25 207.5 413 203 78
26 487 502 224 94
27 743 416 200 83
30 139 500 244 96
31 766 129 60 33
