1 528 292 102 79
2 592 238 70 63
3 686.5 188 65 47
4 736.5 164 59 37
5 777 145 48 31
6 439.5 279 99 69
7 522 227 76 47
8 597.5 188 65 46
9 655 164 52 36
10 712 150 56 33
11 267.5 324 129 74
12 441 242 200 124
13 600.5 162 53 34
14 443.5 191 75 34
15 502.5 171 65 34
16 553.5 146 53 28
17 592.5 132 43 23
18 365 214 86 38
19 235 225 100 45
20 350 195 84 38
21 419 175 78 35
22 477.5 156 81 38
23 547 120 46 18
24 499.5 122 39 17
25 937.5 389 47 63
31 663 146 64 32
33 83.5 264 139 53
34 888 477 146 96
35 758.5 397 203 95
36 269 247 108 48
37 719.5 129 59 30
39 461.5 406 191 81
41 784 118 62 20
42 102 297 142 56
43 312.5 179 77 31
44 804.5 129 63 23
