3 391 450 156 139
4 562.5 278 83 61
5 691 187 62 37
9 426 304 104 68
10 544.5 226 77 48
14 444 189 76 33
15 500.5 171 67 33
16 553 153 56 30
17 591 140 48 26
18 365.5 218 89 41
19 236 227 100 39
20 347 200 78 38
21 431 176 64 33
22 486 154 58 32
23 547 136 52 29
24 499 132 46 24
31 241 348 132 84
33 84.5 272 137 55
36 272.5 253 107 48
37 499.5 204 73 48
39 893 401 136 73
41 629 157 56 34
42 121.5 300 135 57
43 439.5 151 53 26
44 676.5 169 59 34
45 365.5 172 71 29
46 755 133 54 26
47 831 126 50 25
