3 434 404 138 123
4 586 259 74 58
5 705.5 180 59 37
9 459.5 282 97 62
10 566 216 76 46
13 29 498 56 96
14 444 191 70 36
15 498.5 170 61 30
16 551.5 152 55 29
17 590 138 48 24
18 363.5 216 87 41
19 236 228 100 39
20 347.5 200 77 36
21 430 174 64 30
22 486 154 56 31
23 547.5 134 51 26
24 499.5 135 51 25
31 301.5 315 121 78
33 84 272 134 56
36 271 251 106 47
37 525.5 192 73 46
39 879 400 164 74
41 646.5 153 59 34
42 121 299 138 58
43 439.5 151 55 27
44 695.5 160 59 32
45 365.5 174 71 29
46 769.5 131 55 28
