1 534.5 289 101 76
2 600 232 72 60
3 690.5 187 65 46
4 738.5 160 51 31
5 778 143 48 29
6 457 270 92 67
7 536 223 78 44
8 601.5 187 63 43
9 656.5 165 51 34
10 712 151 52 33
11 340.5 279 115 59
12 462.5 231 193 113
13 602 161 54 34
14 446.5 190 65 32
15 505.5 171 69 32
16 553 146 56 29
17 593 138 46 29
18 361 212 80 40
19 238 221 102 35
20 345 198 70 39
21 437.5 174 61 33
22 490 153 62 35
23 549.5 134 53 29
24 498 134 60 28
25 842 399 186 74
30 940 495 42 79
31 664 146 60 32
32 563 435 202 79
33 85.5 275 133 62
34 274 501 250 96
35 253 404 216 93
36 231 259 112 45
37 760 130 56 33
