3 459.5 375 127 110
4 601 247 72 53
5 713.5 175 59 35
9 479.5 269 91 58
10 578 209 72 45
13 58 491 114 119
14 443.5 194 75 39
15 500.5 171 65 33
16 552 153 56 30
17 591.5 138 49 26
18 366 219 94 43
19 236.5 227 101 39
20 347 202 78 38
21 430 175 66 32
22 486.5 153 59 31
23 546 136 48 28
24 500 133 50 24
31 336 293 114 69
33 85.5 272 135 55
36 270.5 253 105 48
37 542.5 185 71 43
39 869.5 401 183 73
41 657.5 147 59 31
42 123 296 136 54
43 439.5 151 59 26
44 707 155 56 30
45 363 173 70 29
46 778.5 129 53 27
