1 533 292 100 81
2 599 235 72 63
3 690 187 66 46
4 736.5 161 53 32
5 776.5 146 49 29
6 457.5 271 95 70
7 531 228 78 51
8 599 189 66 48
9 657.5 167 53 37
10 712 148 54 31
11 335 277 112 62
12 461.5 230 193 114
13 599.5 162 53 35
14 447.5 189 83 38
15 515.5 167 69 34
16 554.5 146 53 28
17 591 137 46 28
18 364.5 213 87 43
19 236.5 228 103 45
20 351 198 86 42
21 433 181 80 41
22 489 157 76 39
23 545 134 54 31
24 499.5 133 45 28
25 921 397 80 75
31 661 147 60 34
33 84 267 134 54
34 713.5 491 235 98
35 745 393 206 92
36 271.5 248 107 49
37 721.5 134 55 32
39 437.5 407 189 81
40 653 541 274 51
42 43 309 84 46
