1 532 292 94 78
2 601 230 68 58
3 691 188 64 46
4 737 163 50 35
5 777 145 42 29
6 457.5 269 93 63
7 532 227 78 49
8 599 187 66 44
9 657.5 164 53 33
10 712 151 52 32
11 336.5 279 115 62
12 461.5 232 193 113
13 601 166 58 37
14 452.5 192 81 39
15 518.5 163 61 31
16 555 146 52 25
17 591 133 46 24
18 367.5 212 93 40
19 237 229 100 44
20 346 197 74 39
21 420 176 70 33
22 478 154 66 36
23 545.5 137 53 33
24 499 133 44 25
25 883 394 156 70
31 663 148 60 33
32 821.5 457 217 88
33 84.5 270 133 57
34 396.5 497 243 94
35 450.5 397 209 90
36 270.5 249 105 48
37 736 132 56 33
38 196.5 541 267 70
39 32 410 62 66
