1 531.5 292 101 80
2 594.5 237 75 61
3 690 190 68 48
4 737.5 162 51 33
5 776 144 48 28
6 453.5 270 97 66
7 532.5 226 75 48
8 600.5 188 71 44
9 656 165 52 34
10 711.5 151 55 32
11 329.5 284 113 65
12 462.5 234 193 114
13 601.5 162 57 33
14 446.5 190 87 39
15 516 171 78 36
16 552 147 62 29
17 591 136 48 25
18 367 212 90 41
19 235 225 102 42
20 349 195 82 37
21 422.5 178 75 36
22 488.5 157 77 38
23 548.5 135 53 30
24 497 133 46 27
25 922 399 78 76
31 662 145 60 28
33 83.5 261 135 48
34 794.5 484 241 94
35 744.5 394 205 90
36 268.5 251 107 49
37 718.5 132 55 30
39 457.5 406 185 82
40 869.5 541 183 51
41 778.5 127 53 28
42 63.5 306 125 53
43 88.5 236 117 41
44 819.5 129 57 25
