1 531.5 292 101 80
2 595 236 76 60
3 689.5 190 69 48
4 738.5 162 51 33
5 776 144 48 28
6 453 269 96 65
7 533.5 227 75 49
8 600 188 70 44
9 654.5 164 51 33
10 711.5 151 55 32
11 330 284 112 65
12 462.5 235 193 114
13 602 161 58 32
14 446 189 90 38
15 519.5 171 81 37
16 552.5 147 63 29
17 590 135 48 24
18 367 211 90 40
19 234 225 102 42
20 349 195 82 37
21 421.5 177 75 35
22 489.5 158 79 39
23 548 135 52 30
24 496.5 133 47 27
25 922 398 78 75
31 663 144 60 27
33 83 260 134 47
34 791.5 485 241 95
35 745 394 204 90
36 268.5 252 107 49
37 718 132 54 30
39 457 406 184 82
40 864.5 541 193 51
41 779 128 52 29
42 62.5 305 123 52
43 81 239 118 43
44 820 129 58 26
