1 534 287 96 80
2 600.5 227 73 59
3 691 187 68 51
4 740 160 52 35
5 783.5 140 49 30
6 456.5 261 93 60
7 534 223 76 49
8 602.5 183 69 45
9 658 158 54 33
10 713 147 52 32
11 336.5 269 111 53
12 463.5 224 191 109
13 601.5 160 59 38
14 254 250 110 48
15 513.5 162 63 36
16 556.5 139 49 27
17 591.5 133 49 29
18 120.5 261 121 49
19 236.5 219 99 42
20 343.5 190 65 38
21 431 169 62 34
22 483 147 64 34
23 546 128 54 29
24 235 196 90 39
25 76 412 150 77
26 296 518 228 102
27 597 422 204 88
28 877 487 168 91
30 49 500 96 92
