3 437 399 136 121
4 588 257 74 57
5 706.5 179 59 36
9 463 281 96 62
10 567.5 216 75 47
13 33 497 64 100
14 443.5 193 71 38
15 498.5 170 61 30
16 552.5 151 55 28
17 590 138 48 25
18 364 217 88 41
19 236 228 100 39
20 348 200 78 36
21 430.5 175 65 31
22 486.5 155 57 32
23 547.5 135 51 27
24 499 135 50 25
31 307 313 120 77
33 84 271 134 55
36 271 253 106 48
37 528.5 190 73 45
39 878 400 166 74
41 647.5 151 59 33
42 122 299 138 58
43 439.5 151 55 27
44 697.5 159 59 31
45 365 174 70 29
46 770.5 131 55 28
