1 532.5 290 95 78
2 595.5 235 73 62
3 690 186 66 45
4 739.5 162 51 34
5 777.5 146 47 30
6 457.5 267 95 63
7 533 227 74 48
8 600.5 187 67 44
9 658 167 52 36
10 712.5 154 55 36
11 337 280 114 64
12 462.5 232 189 115
13 601 164 58 36
14 452 191 86 41
15 517.5 168 73 38
16 554 149 56 32
17 591.5 136 49 27
18 367.5 213 95 44
19 236.5 226 99 43
20 348 196 80 40
21 429.5 177 81 37
22 487.5 156 73 37
23 545.5 136 53 31
24 499.5 134 49 28
25 921.5 396 79 75
31 664 151 62 38
33 84 266 132 54
34 733 488 240 95
35 744.5 395 209 92
36 271.5 247 107 46
37 720 133 56 32
39 447 405 188 80
40 720.5 541 277 49
41 780.5 127 57 28
42 49 313 96 52
