1 534 292 96 80
2 602 230 70 58
3 692 188 64 48
4 739 161 50 33
5 777.5 144 43 30
6 459 271 96 67
7 534.5 225 73 47
8 599.5 186 65 45
9 656.5 163 51 33
10 713 149 52 32
11 336.5 282 111 63
12 463.5 233 193 116
13 601 160 56 33
14 447.5 186 61 32
15 502 170 68 32
16 554 146 52 28
17 591.5 135 47 27
18 348 215 94 40
19 237 225 100 42
20 343 192 66 34
21 422.5 174 69 34
22 475.5 151 59 32
23 546.5 134 53 30
24 475.5 138 49 28
25 777.5 400 189 74
30 803.5 509 243 100
31 662 145 60 30
32 411 430 202 80
33 67 275 132 57
34 147 502 250 95
35 113 403 224 87
36 105 298 132 55
