1 531 292 100 80
2 594.5 236 75 60
3 689 189 68 47
4 737.5 162 51 33
5 776 144 48 28
6 453 270 94 66
7 533 226 74 48
8 600 187 70 43
9 656 164 52 33
10 711.5 151 55 32
11 331 282 112 64
12 462.5 235 193 114
13 602 161 58 32
14 446 189 86 38
15 516 171 78 36
16 552.5 148 61 29
17 590 136 48 25
18 367 211 92 41
19 234.5 225 101 41
20 348.5 195 81 37
21 422.5 177 75 36
22 489 158 78 39
23 547 133 52 28
24 497 133 48 27
25 922 397 78 74
31 663 145 60 28
33 83.5 261 135 48
34 788.5 486 241 95
35 745 394 204 90
36 268.5 251 107 48
37 719.5 132 55 30
39 457 407 184 82
40 859.5 541 203 51
41 779.5 127 53 28
42 61.5 306 121 53
43 76 241 116 43
44 820.5 129 57 25
