2 395 445 134 134
3 606.5 242 87 62
4 692.5 183 55 37
5 764.5 153 51 32
7 70 541 138 80
8 392.5 312 105 80
9 600.5 194 61 40
10 673 164 58 35
12 63 479 124 197
13 383 257 94 56
14 443.5 190 75 38
15 501 168 64 32
16 552.5 151 59 30
17 591.5 136 49 26
18 365 213 92 38
19 235.5 232 101 46
20 346 194 76 34
21 428.5 174 69 33
22 486 153 62 32
23 545.5 137 53 30
24 498 132 54 25
31 538 188 72 43
33 85 270 138 56
35 933.5 386 55 79
36 270.5 247 107 44
37 646 148 58 34
39 725.5 403 185 78
41 754.5 128 59 26
42 122 288 142 47
43 440 147 56 26
44 792 132 50 23
45 349 177 80 30
