1 260.5 541 191 129
2 459 361 114 103
3 633.5 223 79 57
4 707 175 56 35
5 768 150 50 33
7 211.5 465 157 127
8 468 266 96 71
9 623 183 60 39
10 689 159 58 33
12 115.5 468 229 232
13 445.5 226 83 48
14 443 187 70 35
15 500 168 64 34
16 552.5 151 57 29
17 590.5 139 49 30
18 366.5 215 91 41
19 236 232 100 48
20 344.5 196 79 36
21 430 175 70 35
22 486 149 60 28
23 546.5 135 55 29
24 500.5 132 55 25
31 575 173 68 38
33 83 271 132 56
35 917.5 397 87 93
36 270 250 110 46
37 667.5 142 57 32
39 689 407 186 83
41 768.5 126 59 24
42 108 303 154 64
43 441.5 149 65 28
44 803.5 135 49 27
45 336.5 183 85 34
