2 251 541 154 84
3 560 279 96 74
4 663.5 202 61 42
5 749.5 159 55 34
8 226.5 452 155 128
9 559 217 68 44
10 641.5 176 59 36
13 267.5 321 113 71
14 443.5 188 75 36
15 501 167 64 32
16 553.5 154 57 32
17 593.5 137 53 24
18 363.5 217 89 44
19 236 225 100 38
20 346.5 198 77 37
21 429.5 176 67 35
22 486 151 58 30
23 546 136 52 27
24 501 132 50 24
31 474 217 86 47
33 84.5 269 135 55
36 271.5 253 107 48
37 613 160 64 38
39 779.5 401 181 74
41 719.5 132 57 26
42 123.5 299 141 57
43 439.5 153 57 30
44 763 141 54 26
45 358 176 74 30
