1 532.5 294 99 83
2 601.5 229 71 58
3 690.5 185 63 44
4 739 160 50 33
5 778 145 48 31
6 457.5 269 93 66
7 532.5 225 77 48
8 601 186 66 43
9 657 164 52 34
10 712.5 145 51 29
11 337.5 278 113 61
12 463 228 190 111
13 602 161 58 33
14 445.5 186 61 32
15 501 169 68 32
16 552 144 58 28
17 592 133 50 26
18 323.5 221 93 39
19 235.5 224 99 42
20 343 189 66 34
21 425.5 172 71 34
22 485 152 60 33
23 545.5 133 51 30
24 460 141 48 28
25 730 400 190 75
26 923.5 448 75 87
30 698 507 242 101
31 667 143 60 31
32 323 429 202 78
33 56.5 268 111 48
34 97 504 192 95
35 71 404 140 88
36 37.5 312 73 46
