1 445 373 120 106
2 546.5 276 87 72
3 670 200 72 50
4 727 166 54 33
5 776 147 48 29
6 264.5 441 139 123
7 424 291 102 70
8 567.5 205 73 46
9 647.5 171 51 36
10 707.5 153 57 32
12 245 361 306 195
13 544.5 183 67 39
14 442.5 189 75 39
15 499 166 66 33
16 550.5 149 57 30
17 591 138 48 27
18 361 220 102 45
19 238 226 108 40
20 348.5 203 87 43
21 431 174 66 33
22 485.5 149 59 29
23 547.5 135 53 30
24 498.5 132 51 25
31 631 156 62 34
33 81.5 271 129 57
35 880 397 162 92
36 249 268 120 54
37 712.5 132 59 29
39 622 405 184 81
41 779.5 121 55 22
42 121.5 295 141 58
43 438 151 62 30
44 806 128 56 23
45 255.5 204 93 40
