1 534.5 290 99 80
2 602 228 74 59
3 690.5 185 65 48
4 740.5 157 49 31
5 777 143 48 31
6 458.5 269 93 71
7 531.5 223 75 49
8 600 185 66 45
9 655.5 160 53 32
10 711 146 50 33
11 339.5 277 117 60
12 467 228 198 112
13 602.5 161 59 36
14 434.5 202 79 42
15 528 169 60 36
16 554 144 54 28
17 588.5 133 49 24
18 311 231 104 43
19 236 222 98 39
20 344.5 191 69 35
21 421 170 68 30
22 487.5 151 65 32
23 543.5 133 55 30
24 449.5 141 47 28
25 698.5 400 191 76
26 907 455 108 93
30 650.5 505 241 101
31 669.5 138 59 27
32 276 425 200 75
33 49.5 277 97 55
34 73.5 502 145 91
35 48 400 94 85
