1 504 311 108 87
2 580 247 76 64
3 683 193 68 49
4 736.5 164 53 35
5 775.5 145 45 29
6 400.5 304 105 74
7 495 245 80 54
8 598.5 188 65 46
9 654 164 48 33
10 712.5 151 55 32
11 96.5 494 167 140
12 374 280 238 140
13 590.5 163 59 32
14 445 196 88 39
15 500.5 164 63 31
16 553 147 56 29
17 591.5 132 49 23
18 367.5 222 99 41
19 236 224 98 40
20 352.5 196 83 37
21 435 173 76 38
22 487 144 54 26
23 546 133 48 28
24 498 131 52 24
31 661.5 144 61 28
33 83 269 134 55
35 838.5 393 211 90
36 273 247 110 43
37 719.5 129 55 28
39 534.5 404 185 78
41 780.5 120 53 23
42 117.5 294 137 56
43 420.5 151 63 27
44 802.5 128 63 23
45 95 230 126 36
