1 529.5 293 97 81
2 593.5 237 77 62
3 689.5 188 67 48
4 737.5 163 53 35
5 776 146 46 30
6 448 275 98 69
7 530 226 80 49
8 601 187 68 45
9 656.5 165 53 34
10 711.5 151 55 33
11 301 298 120 67
12 455.5 235 193 116
13 601.5 164 57 37
14 448.5 187 85 38
15 510 171 74 38
16 551 147 56 29
17 590 137 48 29
18 364.5 212 85 42
19 236.5 226 99 43
20 343.5 194 71 38
21 423 177 74 37
22 482 155 76 36
23 542.5 129 45 25
24 499 134 52 27
25 928.5 394 65 70
31 662 141 58 26
33 83.5 265 135 54
34 861 481 200 94
35 747 399 208 96
36 270 245 108 45
37 721 130 56 29
39 460 406 190 82
41 784.5 118 63 21
42 91.5 300 143 56
43 243 198 96 35
44 809.5 125 57 21
