3 448 386 130 116
4 595 250 72 53
5 711 176 58 34
9 473.5 275 93 61
10 572 213 74 48
13 46.5 496 91 115
14 443.5 197 75 42
15 499 173 64 33
16 552.5 151 53 28
17 591.5 138 49 27
18 364 216 92 39
19 236 227 100 38
20 347.5 198 79 35
21 432 177 68 34
22 487.5 157 59 33
23 548 137 52 30
24 499 137 48 27
31 320.5 304 115 74
33 85 270 134 52
36 271 257 106 50
37 535 188 72 45
39 874.5 403 173 76
41 651.5 148 59 32
42 122 300 138 59
43 440 152 56 28
44 703 157 58 30
45 364 175 68 30
46 774.5 132 55 29
