3 251 541 200 125
4 490 342 104 81
5 652 210 68 44
9 315 386 128 95
10 488 261 90 58
14 443 191 74 35
15 498 171 66 32
16 553.5 153 57 29
17 591.5 138 49 24
18 364.5 218 87 42
19 235 229 104 41
20 347.5 200 79 37
21 430 175 68 32
22 485 154 60 31
23 545 136 52 28
24 498.5 134 49 23
31 72 491 142 131
33 83.5 269 133 53
36 270 255 106 48
37 420 239 88 61
39 924.5 403 73 77
41 586.5 172 61 37
42 120.5 299 137 57
43 442 151 62 26
44 625 189 66 40
45 366.5 171 69 27
46 718.5 138 53 27
47 797.5 133 47 28
