1 532.5 293 97 82
2 600 231 72 59
3 690.5 187 65 46
4 737.5 162 51 34
5 776 145 46 31
6 457.5 268 89 65
7 533 224 76 47
8 600.5 184 63 40
9 656 165 52 34
10 713 149 52 31
11 334 276 110 56
12 462.5 231 191 114
13 600 162 56 34
14 445.5 190 67 31
15 507.5 171 69 32
16 555 146 52 26
17 592.5 134 49 24
18 362.5 212 83 37
19 238.5 225 101 42
20 342 192 68 34
21 423 176 66 35
22 480 153 68 34
23 543 132 50 28
24 497.5 127 47 21
25 867 397 188 74
31 664 148 62 33
32 670 449 208 90
33 86 266 136 55
34 331.5 504 243 100
35 331 400 212 88
36 264 247 110 43
37 745.5 127 55 27
