1 531 295 98 83
2 600.5 230 71 57
3 690.5 189 65 46
4 740 165 52 35
5 777.5 146 45 30
6 458.5 270 97 66
7 533.5 227 77 47
8 600 189 66 45
9 657 165 52 33
10 713 152 54 33
11 336 282 112 65
12 463.5 232 193 112
13 602.5 165 61 37
14 453 193 88 42
15 519.5 170 75 37
16 552.5 150 59 29
17 592 137 48 27
18 366 213 90 40
19 234 228 102 44
20 346.5 196 75 39
21 438.5 179 87 38
22 491.5 157 79 36
23 547.5 136 55 31
24 499.5 136 51 29
25 918.5 397 85 73
31 662.5 146 61 32
33 84 271 136 56
34 550.5 499 243 101
35 687 395 208 93
36 272 250 106 49
37 721.5 131 55 31
38 855 541 212 68
39 263 406 194 75
40 119.5 541 237 80
