1 532 293 98 81
2 594 237 74 61
3 689 189 66 46
4 738 163 50 35
5 776.5 144 45 29
6 451.5 274 97 70
7 532 226 78 49
8 599.5 185 65 42
9 657 164 52 33
10 711.5 149 53 30
11 318 292 116 66
12 459 233 194 113
13 601.5 163 55 35
14 441.5 192 85 36
15 508 173 74 36
16 553 149 58 30
17 591 138 48 30
18 364.5 212 87 42
19 236.5 224 101 41
20 346 196 74 39
21 424 177 72 37
22 487.5 158 71 40
23 543.5 135 53 31
24 499.5 132 45 26
25 925 395 72 70
31 663 147 62 34
33 84.5 263 135 52
34 843.5 484 235 97
35 743.5 395 211 93
36 270 247 108 47
37 720 129 56 28
39 460 407 188 83
41 780.5 120 57 23
42 75.5 302 149 55
43 182 213 100 38
44 815 128 52 24
