1 292 541 186 159
2 474.5 344 109 97
3 643 218 78 54
4 712 174 56 36
5 770.5 148 49 31
7 254.5 422 143 104
8 485.5 252 91 63
9 628.5 180 57 39
10 693.5 159 57 34
12 131.5 464 261 242
13 461.5 218 81 48
14 442 189 74 37
15 501 166 66 33
16 554 152 56 32
17 590.5 138 49 29
18 365 212 90 39
19 237.5 230 101 44
20 345.5 195 77 36
21 430 173 68 33
22 484.5 153 61 34
23 548 133 54 29
24 500 132 50 26
31 581.5 169 67 36
33 83.5 269 129 56
35 914 394 94 90
36 266 249 114 48
37 674.5 143 59 36
39 679.5 406 185 81
41 770.5 126 55 27
42 122.5 297 141 60
43 441.5 148 61 27
44 804 131 52 25
45 327.5 184 81 35
