1 533.5 289 93 80
2 604 228 70 60
3 691 186 64 47
4 738.5 159 53 35
5 781.5 142 49 31
6 459 266 96 66
7 534 223 78 50
8 603 186 64 47
9 659 160 50 35
10 713 147 52 33
11 337 274 112 59
12 464 232 192 117
13 600.5 161 57 37
14 293.5 235 99 43
15 513.5 159 63 36
16 555 141 50 26
17 591 132 48 26
18 127 263 124 47
19 235.5 222 99 44
20 343 192 68 38
21 426 171 70 37
22 486 150 64 35
23 542.5 134 57 35
24 268 187 88 36
25 123 415 196 76
26 388 512 228 94
27 671.5 419 199 85
28 913.5 485 95 94
30 90.5 498 179 93
