1 531.5 292 99 80
2 593.5 239 75 63
3 689 187 64 46
4 737.5 165 51 35
5 775 145 46 29
6 454.5 272 101 68
7 531 224 76 46
8 599.5 188 71 45
9 658.5 166 55 36
10 711.5 150 53 31
11 328 286 114 66
12 462.5 231 193 113
13 601.5 161 55 34
14 448.5 190 81 39
15 508 170 70 34
16 553.5 148 59 30
17 592 137 46 28
18 367 212 92 41
19 234.5 225 101 42
20 347 195 80 37
21 425 179 76 38
22 485.5 154 71 35
23 550 136 54 31
24 499.5 133 45 27
25 922 401 78 79
31 662.5 147 61 32
33 83.5 262 135 49
34 802 482 240 92
35 743.5 395 207 92
36 269.5 250 109 48
37 720 132 56 30
39 460 406 186 81
40 884 541 154 51
41 779 123 56 24
42 67.5 309 133 56
43 107.5 226 113 37
44 818 127 56 23
