1 490 325 106 88
2 571.5 255 77 65
3 677 195 68 51
4 735 161 52 32
5 776 144 48 30
6 360 336 116 87
7 478.5 254 87 56
8 591.5 192 65 46
9 652 166 50 34
10 712 148 50 31
11 36.5 541 71 90
12 336.5 302 267 159
13 578.5 168 67 33
14 438 186 84 33
15 500 163 62 28
16 554 152 60 31
17 591 135 48 26
18 370.5 224 103 47
19 236 223 100 37
20 348 201 84 42
21 424 174 72 32
22 487 146 58 28
23 547.5 129 53 26
24 500.5 130 55 23
31 653 147 60 30
33 83 265 134 53
35 864 396 194 92
36 274.5 254 111 46
37 719.5 129 55 28
39 572.5 407 187 84
41 784.5 118 61 20
42 119.5 293 139 52
43 434 154 64 30
44 803 128 62 21
45 170.5 220 99 39
