1 407.5 417 129 126
2 529 292 94 81
3 663.5 207 73 54
4 722 167 54 32
5 774 146 52 29
6 186.5 531 175 151
7 380 318 112 73
8 545 216 80 50
9 643 175 56 39
10 705 153 56 32
12 187 402 344 220
13 521.5 188 73 37
14 444.5 190 77 39
15 500.5 167 67 32
16 553.5 150 59 32
17 591 137 52 27
18 361 215 98 44
19 238 226 104 41
20 345 197 80 38
21 429.5 175 67 35
22 487 149 58 30
23 547.5 132 53 28
24 501 129 52 21
31 616 157 68 33
33 84 272 130 58
35 889 396 144 92
36 263 260 128 52
37 702 134 58 28
39 640 403 186 79
41 779 122 60 23
42 117 301 140 61
43 439.5 147 59 24
44 799.5 130 63 23
45 281.5 192 77 34
