1 531.5 291 99 78
2 601 233 74 61
3 691 189 66 47
4 737.5 162 53 34
5 778 147 44 31
6 457 271 94 67
7 533.5 228 77 50
8 599 189 66 45
9 657.5 167 53 35
10 711.5 154 53 35
11 336 279 112 64
12 467.5 232 201 115
13 601.5 164 57 36
14 447 191 78 36
15 515 166 68 33
16 555 146 52 26
17 590.5 136 49 27
18 366 212 90 39
19 236.5 227 101 41
20 343 195 70 36
21 421 175 68 34
22 480.5 152 71 32
23 545 136 52 31
24 497 134 48 26
25 894 390 134 66
31 662 147 62 32
32 884.5 455 153 81
33 83.5 274 133 61
34 441 499 242 99
35 531 393 208 88
36 270.5 249 107 48
37 731.5 133 57 32
38 393 541 272 62
39 72.5 409 143 75
