3 342.5 509 173 168
4 538 300 86 70
5 677.5 195 63 41
9 389.5 329 107 75
10 525 238 78 51
14 439.5 193 69 36
15 499.5 168 63 31
16 555 153 58 30
17 594 140 48 27
18 364.5 216 89 40
19 237.5 229 101 41
20 345 202 78 39
21 432 175 66 30
22 485.5 155 57 31
23 546 138 48 31
24 500 134 50 26
31 175.5 394 153 101
33 85 274 132 57
36 270.5 252 103 43
37 471 217 78 53
39 905 400 112 74
41 613.5 161 59 34
42 123.5 299 137 56
43 440 149 56 24
44 660 176 64 37
45 365.5 173 71 27
46 742 136 56 28
47 819 130 50 27
