1 533 289 100 77
2 600.5 231 75 59
3 691 188 68 46
4 738 161 50 32
5 778 148 46 32
6 457 270 96 67
7 532 228 74 48
8 600 189 66 47
9 658 166 54 36
10 712.5 152 53 33
11 336.5 283 115 67
12 463 232 196 112
13 600 165 56 38
14 455.5 188 87 40
15 526 169 74 37
16 556 149 56 28
17 594.5 137 51 28
18 366.5 211 91 40
19 236 226 102 43
20 347.5 194 75 38
21 429.5 179 77 38
22 488 155 74 36
23 546 140 54 34
24 497.5 131 47 25
25 920 399 82 76
31 663 148 60 34
33 84.5 274 137 62
34 571 497 240 99
35 704 394 206 92
36 269.5 248 103 47
37 721.5 131 55 30
38 894 541 134 71
39 298 408 194 81
40 167.5 541 275 76
