1 405 421 130 127
2 527 293 94 81
3 663 207 72 54
4 722 168 54 33
5 774 146 50 29
6 179.5 541 179 154
7 376 320 112 73
8 542.5 217 79 50
9 642 176 56 40
10 704 153 56 32
12 178.5 407 355 222
13 519 189 72 37
14 444 190 76 38
15 500.5 168 67 33
16 553.5 150 59 32
17 591 138 52 27
18 361.5 215 97 43
19 237 226 104 42
20 345 197 80 38
21 429.5 175 67 35
22 487 149 58 30
23 548 132 52 28
24 501 129 52 21
31 615 157 68 33
33 84 272 132 58
35 890 394 142 91
36 261 260 128 51
37 702 133 58 27
39 641 402 184 78
41 778 123 58 24
42 120 299 144 58
43 439 149 58 26
44 799 130 64 23
45 282.5 192 75 34
