1 530.5 291 99 80
2 600 229 68 59
3 690.5 186 67 47
4 739.5 161 49 34
5 776 144 48 29
6 457.5 269 97 67
7 531.5 226 77 49
8 601 188 68 46
9 656.5 166 53 37
10 712.5 154 55 37
11 335.5 282 113 68
12 464 231 194 113
13 602 163 58 36
14 447 188 86 38
15 514 169 76 33
16 554 147 58 30
17 591 136 48 27
18 368.5 212 97 42
19 235 226 100 43
20 347.5 195 79 39
21 432.5 180 79 39
22 490.5 158 75 40
23 546.5 131 57 28
24 502 132 48 27
25 921.5 395 79 74
31 663 148 62 34
33 85 271 134 59
34 670 492 238 99
35 740.5 398 205 97
36 272 248 106 48
37 720.5 128 55 28
39 412.5 408 187 83
40 503 541 282 55
42 29.5 313 57 43
