1 535.5 289 97 81
2 604 226 70 56
3 692 183 62 45
4 738 157 46 33
5 779.5 143 49 31
6 462 261 98 61
7 530.5 222 75 47
8 601.5 184 69 46
9 659.5 163 55 37
10 711.5 145 55 31
11 337 277 116 64
12 464 228 194 113
13 602.5 164 59 40
14 341 218 82 41
15 516 162 62 35
16 557.5 141 53 28
17 592 132 48 27
18 136.5 264 125 51
19 237.5 220 101 40
20 346 188 70 33
21 426 176 76 36
22 484 151 64 35
23 544.5 131 53 32
24 315.5 177 75 35
25 239.5 417 195 80
26 529.5 507 219 100
27 770 418 204 87
30 173.5 497 239 89
31 758.5 129 57 30
