1 525 299 104 83
2 592 237 72 60
3 688 188 66 47
4 737.5 161 51 34
5 776 144 46 30
6 434.5 281 101 70
7 516 232 78 50
8 599 186 66 43
9 654.5 164 53 33
10 711.5 149 53 31
11 242 342 126 81
12 433 246 208 120
13 601 160 56 32
14 442 198 84 39
15 501.5 174 71 35
16 554.5 146 49 27
17 592 134 48 26
18 366.5 218 91 42
19 235 222 100 40
20 350 198 84 40
21 436.5 176 77 38
22 488 149 60 30
23 542.5 127 43 24
24 497 125 46 21
25 948 385 26 51
31 662 144 62 30
33 83 266 134 55
34 900 479 122 96
35 770 395 210 91
36 270 247 110 46
37 720 129 56 29
39 469 403 188 77
41 784 119 66 20
42 106 296 140 56
43 347.5 174 81 32
44 800 128 62 23
