1 533 290 100 83
2 601.5 228 71 60
3 691 186 68 50
4 738.5 158 49 34
5 778 142 46 31
6 458.5 265 93 64
7 532 222 78 48
8 598.5 183 67 43
9 658 161 52 33
10 713 144 52 29
11 337.5 272 111 58
12 465 226 194 113
13 602 158 58 35
14 424.5 194 65 34
15 515.5 161 63 34
16 554.5 146 55 31
17 591.5 132 49 27
18 237.5 241 115 40
19 236.5 217 101 38
20 344.5 194 71 40
21 425 171 70 36
22 483.5 150 61 36
23 545.5 129 51 30
24 415 150 64 31
25 542.5 408 195 77
26 826 471 200 91
30 490 500 240 98
31 691 135 60 30
32 117.5 426 197 77
33 27.5 274 53 42
