1 508 308 108 85
2 584.5 244 75 64
3 683 190 70 47
4 737 162 54 35
5 775 142 48 26
6 409.5 299 103 74
7 500 243 84 53
8 599 188 64 46
9 656 163 52 32
10 712 150 54 32
11 124 460 158 129
12 387.5 273 231 138
13 595.5 162 57 33
14 451.5 195 83 41
15 504 161 58 29
16 552.5 149 55 31
17 590.5 133 51 24
18 372 219 92 41
19 233.5 222 97 39
20 350.5 195 81 38
21 437 175 74 37
22 487.5 148 55 29
23 548 134 52 28
24 499 130 52 23
31 663.5 143 63 30
33 85 268 132 54
35 825.5 394 211 91
36 273.5 249 113 48
37 719 127 54 27
39 522 402 184 76
41 781.5 118 55 19
42 117.5 292 137 52
43 412.5 147 63 21
44 807 127 56 21
45 67 238 132 38
