1 535.5 289 99 76
2 601.5 229 71 59
3 691 186 66 45
4 739.5 160 49 32
5 778.5 145 47 30
6 458.5 266 95 63
7 534.5 224 75 45
8 602 187 64 43
9 656.5 165 51 33
10 711 150 52 32
11 338 279 114 61
12 463.5 235 193 118
13 602 162 56 36
14 445.5 190 65 32
15 505.5 171 69 32
16 553.5 148 57 29
17 591.5 134 47 26
18 361 211 80 39
19 236 225 102 41
20 345 198 70 39
21 427 172 60 31
22 481 151 62 33
23 549 134 50 30
24 495.5 133 49 27
25 845.5 398 191 74
31 663 146 60 32
32 580.5 440 203 85
33 84 272 134 59
34 287.5 501 247 94
35 268 405 216 93
36 239.5 257 111 45
37 757.5 128 55 30
