1 533 292 98 80
2 600 230 72 59
3 690.5 185 65 45
4 738.5 160 49 32
5 777 144 46 29
6 456 271 92 70
7 533.5 228 75 50
8 599.5 187 65 45
9 655 163 50 34
10 711.5 151 53 35
11 335 276 112 62
12 462 230 194 114
13 600.5 160 59 34
14 448.5 192 81 37
15 513.5 173 71 36
16 554 147 56 28
17 590.5 135 45 26
18 364 211 92 42
19 236 223 100 40
20 347.5 193 77 37
21 434 180 80 40
22 492 155 74 36
23 545.5 135 53 31
24 500.5 134 51 28
25 922.5 395 77 72
31 663.5 148 61 35
33 85 273 138 62
34 624 493 240 99
35 731.5 394 205 93
36 270.5 248 107 46
37 720.5 134 55 33
39 372.5 404 187 77
40 345 541 276 63
