1 532 292 98 82
2 600.5 229 71 59
3 691 186 66 46
4 739.5 160 51 34
5 777.5 145 49 32
6 457.5 268 91 65
7 531.5 224 77 47
8 601 184 68 42
9 657 162 52 33
10 712 147 52 31
11 337 280 112 63
12 463 228 192 112
13 602 161 58 34
14 441 190 64 32
15 495.5 172 69 31
16 553.5 144 53 28
17 591.5 133 49 26
18 320.5 223 97 39
19 235.5 224 97 42
20 344.5 191 71 36
21 425 173 72 35
22 485 154 64 36
23 545 131 50 28
24 459 143 52 30
25 722.5 401 191 75
26 919.5 453 83 92
30 685.5 505 243 99
31 667 143 60 32
32 312 428 202 78
33 55 270 108 50
34 91 502 180 93
35 65 403 128 87
36 30.5 312 59 42
