1 533 295 100 84
2 602.5 228 71 57
3 691 184 62 43
4 739 160 50 33
5 777.5 144 47 30
6 458.5 270 95 66
7 534 226 78 49
8 600.5 186 65 43
9 656.5 164 51 34
10 712 145 50 28
11 338 278 114 61
12 464 229 190 111
13 603 161 58 33
14 447.5 183 59 32
15 501 169 68 32
16 551 144 60 28
17 592.5 133 51 26
18 324.5 220 91 39
19 235 224 100 42
20 343 190 64 34
21 426 171 70 33
22 485 151 58 32
23 546 133 52 30
24 461 140 46 27
25 734 400 190 75
26 926 446 70 85
30 704.5 508 241 102
31 666 143 60 30
32 329 430 202 78
33 57 268 112 47
34 99.5 504 197 95
35 74 404 146 88
36 41 310 80 47
