1 531.5 293 99 81
2 594.5 235 75 59
3 689 188 68 45
4 738.5 163 51 36
5 776 144 46 28
6 451.5 273 97 70
7 532 226 78 49
8 600.5 184 65 41
9 657.5 163 53 32
10 711.5 148 53 29
11 321 290 116 65
12 460.5 233 193 113
13 601 162 56 34
14 437.5 193 83 37
15 507.5 176 77 37
16 553 148 58 29
17 592 137 46 29
18 361.5 212 81 42
19 237 224 100 42
20 345.5 198 75 41
21 425 178 72 38
22 487.5 161 73 42
23 543.5 137 55 32
24 500 132 46 25
25 923.5 395 75 70
31 663 149 60 36
33 85 264 136 55
34 838.5 485 245 99
35 742.5 396 211 94
36 271 247 110 48
37 720 128 56 27
39 460.5 407 189 83
40 930.5 541 61 43
41 779.5 121 55 24
42 74 302 146 54
43 165.5 217 103 39
44 816 128 52 25
