1 532 289 96 77
2 598.5 231 71 60
3 691.5 186 65 46
4 738.5 163 49 35
5 776.5 145 43 30
6 458 269 94 67
7 532.5 225 71 47
8 600 188 66 44
9 655.5 164 51 34
10 712 147 52 29
11 334.5 281 115 66
12 462.5 231 195 110
13 602 165 56 37
14 447 187 82 34
15 505 174 76 35
16 548 147 66 29
17 588.5 136 51 27
18 364.5 211 89 37
19 238 227 102 44
20 348.5 196 79 38
21 422.5 175 75 33
22 475 148 68 31
23 547.5 129 53 23
24 497.5 131 47 24
25 875 396 172 72
31 662.5 148 59 33
32 735.5 450 209 84
33 84 267 136 53
34 359 499 242 94
35 382 405 210 98
36 274.5 249 109 46
37 740.5 129 51 29
38 86 541 170 82
