1 531 294 100 80
2 597 239 72 64
3 689 186 68 45
4 737.5 163 51 33
5 776.5 146 47 30
6 456 270 92 67
7 531.5 226 75 47
8 599 185 68 42
9 657.5 166 53 35
10 711.5 151 55 33
11 333 284 112 66
12 464.5 232 193 111
13 602.5 162 59 34
14 454.5 188 77 39
15 515.5 168 67 34
16 555 147 52 28
17 590.5 134 49 25
18 373 214 106 44
19 235.5 227 99 44
20 352 196 84 38
21 429 178 78 38
22 486.5 155 75 36
23 543.5 132 53 26
24 499 134 50 28
25 921.5 398 79 75
31 663 146 62 32
33 85 265 134 52
34 767 486 236 94
35 744.5 397 203 94
36 269 248 108 47
37 721 133 54 32
39 455.5 406 185 80
40 824 541 274 49
41 782 127 58 29
42 57 310 112 51
43 44.5 250 87 45
