1 535 288 96 80
2 601.5 228 71 61
3 691.5 187 69 50
4 740 159 50 34
5 782.5 141 47 30
6 457 262 94 61
7 533.5 225 75 51
8 603.5 184 67 44
9 658 160 52 35
10 713 148 50 33
11 336 270 112 54
12 463.5 226 193 111
13 602 161 58 38
14 266 247 108 49
15 511 162 64 35
16 556 140 52 28
17 592.5 134 51 30
18 121.5 263 121 51
19 237 222 98 45
20 343.5 192 67 38
21 430 171 66 36
22 481.5 149 63 36
23 544 129 54 29
24 244 192 86 37
25 86.5 414 171 78
26 321.5 517 225 101
27 617.5 420 201 86
28 887.5 487 147 92
30 59.5 498 117 94
