1 534 288 96 78
2 600.5 229 71 60
3 691 185 64 47
4 738.5 159 49 34
5 777 143 48 30
6 456.5 263 91 62
7 531.5 220 77 46
8 598.5 185 69 47
9 658 163 52 36
10 712.5 146 53 30
11 334 274 108 62
12 462 224 190 109
13 601 162 60 38
14 379 201 72 38
15 514 170 68 36
16 553 143 56 29
17 591.5 137 49 29
18 165.5 255 121 49
19 236 221 98 41
20 342 193 66 37
21 430.5 171 67 35
22 489 149 64 34
23 544.5 132 55 30
24 360 169 76 36
25 357.5 417 197 81
26 665 491 208 94
27 866.5 421 189 92
30 294 503 228 99
31 728.5 128 61 26
