2 359.5 486 151 149
3 597 251 88 65
4 687 186 60 37
5 759.5 154 51 33
8 359.5 339 117 92
9 589.5 196 65 37
10 666 167 60 34
12 39 476 76 173
13 356 271 100 58
14 443.5 191 69 38
15 500 168 64 30
16 553 153 56 34
17 589 137 46 27
18 365 216 90 40
19 237 230 100 43
20 346 196 74 36
21 429.5 176 69 34
22 485.5 151 55 30
23 544 136 54 30
24 497.5 132 53 24
31 520 192 72 42
33 83 274 130 55
35 937.5 388 47 83
36 268.5 249 107 46
37 636 151 56 34
39 742 403 184 80
41 747 128 58 26
42 121.5 294 139 55
43 439.5 150 55 27
44 786 134 50 23
45 354 177 82 32
