1 533 293 98 82
2 599 231 72 59
3 690.5 187 65 46
4 736.5 162 51 34
5 776 144 46 30
6 457.5 269 89 65
7 532.5 224 77 47
8 601 184 64 40
9 657 165 52 34
10 713 147 52 30
11 334.5 276 111 57
12 462.5 231 191 115
13 600 163 56 35
14 445.5 192 67 32
15 506.5 172 69 32
16 553.5 146 53 26
17 592.5 134 49 24
18 364 211 84 36
19 238 225 100 41
20 342 193 68 34
21 424 176 66 35
22 479.5 152 67 33
23 543.5 132 49 28
24 497.5 128 47 21
25 865 396 192 74
31 663.5 148 61 33
32 656 449 206 90
33 84.5 265 135 54
34 325.5 505 241 101
35 321 399 212 87
36 262 251 110 46
37 747.5 127 55 27
