1 513 304 106 84
2 588 241 72 62
3 684.5 190 65 45
4 737 162 48 33
5 776.5 143 43 29
6 418.5 291 105 70
7 504.5 241 79 53
8 600 187 62 45
9 656 164 52 34
10 712 151 52 32
11 159 424 146 117
12 400 267 224 136
13 598.5 162 57 34
14 444 196 88 39
15 502 162 62 30
16 551 148 52 30
17 590.5 135 49 26
18 365 216 88 38
19 236.5 224 103 41
20 348.5 195 77 38
21 434 177 72 37
22 486 148 58 30
23 545 130 46 27
24 497.5 129 49 24
31 661.5 147 61 34
33 85 269 136 57
34 936.5 462 49 73
35 808 394 206 92
36 266.5 245 99 43
37 721.5 128 55 27
39 504 408 188 83
41 783 119 60 22
42 115 297 140 58
43 403 156 68 27
44 804.5 127 59 21
45 41 250 80 44
