2 387 455 138 136
3 604 244 90 62
4 692 183 54 37
5 763 154 50 32
7 60 541 118 61
8 385 318 106 81
9 598.5 195 59 39
10 670.5 165 59 36
12 56 482 110 194
13 374.5 261 95 56
14 443.5 190 75 36
15 500 168 64 31
16 553 152 60 31
17 590.5 136 49 26
18 364.5 213 93 38
19 236 232 102 45
20 346 196 76 36
21 429.5 174 71 33
22 484.5 153 63 32
23 546 138 54 31
24 498 132 54 25
31 534 190 72 43
33 84 270 140 56
35 934 386 54 78
36 270.5 247 107 43
37 644 147 58 33
39 730 402 184 76
41 751 130 58 28
42 122.5 290 141 48
43 438 148 54 26
44 790 133 50 24
45 349 176 80 30
