1 531.5 293 97 81
2 601.5 231 71 60
3 692 185 66 44
4 739.5 160 49 33
5 779 147 46 33
6 457 269 96 65
7 533.5 227 73 49
8 601 186 70 43
9 657 164 54 34
10 712 151 56 33
11 336.5 279 115 63
12 463.5 231 193 113
13 602.5 160 61 32
14 458 185 90 36
15 522 158 58 29
16 554.5 147 55 29
17 591.5 136 47 27
18 368 211 94 40
19 236 228 100 45
20 346 195 76 39
21 431.5 176 77 36
22 490.5 152 73 32
23 546.5 134 51 31
24 500.5 135 51 30
25 920.5 398 81 76
31 663.5 142 61 30
33 84.5 270 133 58
34 600 498 240 103
35 719 394 210 92
36 271.5 251 109 49
37 721.5 132 53 32
39 339 407 190 80
40 255 541 284 70
