3 310.5 530 193 170
4 524.5 312 91 72
5 670.5 201 65 43
9 365.5 343 113 79
10 514 243 80 50
14 442 191 72 34
15 499 170 64 33
16 554 153 56 29
17 593.5 140 49 27
18 364.5 217 89 40
19 236 229 100 41
20 345.5 202 77 38
21 430.5 176 67 31
22 487 156 58 32
23 546.5 138 51 30
24 499 133 50 24
31 133.5 426 163 112
33 84.5 272 135 55
36 271.5 249 103 42
37 454 225 78 55
39 911 399 100 72
41 603.5 165 57 35
42 123 299 138 55
43 440 151 56 26
44 649.5 179 63 36
45 366.5 172 71 27
46 734.5 135 53 26
47 812.5 129 49 27
