1 532.5 289 95 81
2 601.5 228 71 59
3 692 183 64 45
4 739 160 46 33
5 777.5 144 47 32
6 458.5 265 93 64
7 532.5 222 77 48
8 601 185 68 44
9 658.5 161 55 34
10 710.5 148 55 33
11 336 273 110 59
12 462.5 228 187 112
13 602.5 158 57 33
14 388 198 68 36
15 517 163 68 34
16 552.5 143 55 26
17 590 135 48 28
18 175.5 253 127 46
19 237.5 217 97 37
20 342 192 68 37
21 437 175 66 39
22 484 151 64 36
23 545 131 54 30
24 369 162 70 31
25 388 413 196 79
26 698.5 484 209 89
27 884 412 154 83
30 328.5 499 235 94
31 721.5 131 61 28
32 36 427 70 71
33 11 279 20 40
