1 532.5 291 97 79
2 600 230 72 58
3 691.5 186 65 46
4 737 160 50 32
5 777 144 46 29
6 456 270 94 68
7 534 226 74 49
8 599 187 66 46
9 656.5 164 51 34
10 710.5 149 51 31
11 334.5 279 111 64
12 462 229 192 112
13 601.5 162 57 36
14 448 191 80 38
15 515.5 173 75 37
16 555 145 52 28
17 590 134 46 25
18 364 211 88 42
19 236 223 100 41
20 348 194 78 38
21 432.5 180 75 39
22 496 153 78 35
23 547 135 58 30
24 501 134 48 28
25 921.5 396 79 75
31 664.5 148 63 36
33 85 273 136 62
34 636.5 491 241 97
35 735.5 394 207 93
36 270 247 108 46
37 721 130 52 28
39 385.5 404 189 78
40 389.5 541 277 61
