1 532 294 100 84
2 599.5 233 69 61
3 691 189 66 48
4 737 163 52 35
5 776 145 46 29
6 457.5 274 97 72
7 532 226 74 49
8 600.5 189 67 46
9 657 165 54 35
10 712 148 54 29
11 335.5 278 111 63
12 462.5 229 189 111
13 601 163 56 36
14 447.5 192 83 41
15 508.5 173 75 38
16 553.5 146 57 28
17 592 138 48 29
18 367.5 212 89 42
19 236.5 227 101 44
20 350.5 194 81 38
21 429.5 180 79 39
22 487 153 72 35
23 548 129 48 27
24 496.5 132 45 27
25 921 397 80 75
31 663.5 146 61 33
33 83.5 268 133 57
34 697 491 240 98
35 743.5 397 207 95
36 271.5 246 105 47
37 721.5 134 55 32
39 428 406 190 81
40 595.5 541 281 52
42 39 313 76 50
