1 531.5 294 99 84
2 599 233 68 61
3 691 190 66 49
4 736.5 163 51 35
5 776 144 46 29
6 458 274 98 71
7 532 226 72 49
8 600.5 189 67 46
9 656 164 54 34
10 712 148 54 29
11 336.5 278 111 63
12 463 228 188 110
13 602 163 58 36
14 447.5 193 83 42
15 507.5 174 77 39
16 553.5 147 59 29
17 591.5 138 49 29
18 368 212 90 42
19 237 226 100 44
20 349.5 193 79 37
21 427.5 179 79 38
22 486 152 70 34
23 549 128 46 26
24 497 133 46 27
25 921 397 80 75
31 664.5 146 61 33
33 83 268 132 58
34 693.5 491 241 98
35 742.5 398 207 96
36 272 245 104 46
37 720.5 133 55 32
39 426.5 405 191 81
40 584.5 541 283 52
42 38.5 315 75 52
