1 532.5 289 97 77
2 599 231 72 60
3 691.5 186 65 46
4 738.5 163 49 35
5 776.5 145 43 30
6 457 270 94 68
7 532.5 226 73 48
8 600.5 188 67 44
9 656.5 163 51 33
10 712 147 52 29
11 335.5 282 115 66
12 462.5 231 195 111
13 601 165 56 37
14 448.5 188 81 35
15 508.5 172 73 34
16 549.5 147 63 28
17 589 135 50 26
18 365 211 90 37
19 237.5 227 101 44
20 348.5 197 79 39
21 422.5 176 73 34
22 474.5 150 69 32
23 546 130 54 25
24 496.5 132 47 25
25 875.5 396 171 72
31 662.5 148 59 33
32 744 450 210 84
33 84 268 136 54
34 362.5 500 241 95
35 389 404 210 97
36 274 249 108 47
37 740 129 52 29
38 92.5 541 183 81
