1 533 286 98 79
2 602.5 226 75 59
3 692 185 66 47
4 737 159 54 36
5 787 138 50 29
6 458 261 96 60
7 531 219 72 45
8 600 178 68 40
9 654.5 158 55 32
10 712 143 54 29
11 336.5 272 107 58
12 463 226 188 114
13 601.5 159 59 36
14 221.5 256 117 46
15 496.5 162 65 33
16 555 140 52 27
17 591 131 50 29
18 113 259 120 46
19 236 211 102 35
20 343 191 74 38
21 428 167 64 34
22 488 148 62 36
23 548 128 52 30
24 208 198 96 36
25 50 411 98 75
26 222.5 518 231 102
27 543.5 419 205 84
28 841 493 212 98
29 934.5 387 53 78
30 20 489 38 69
