1 532 290 94 78
2 596.5 234 73 62
3 691 186 66 45
4 740 162 52 34
5 777.5 145 47 29
6 457.5 266 95 61
7 532.5 228 75 49
8 600.5 188 67 45
9 658 165 52 35
10 712.5 155 55 37
11 337 279 112 64
12 462.5 231 189 113
13 601 164 58 36
14 449.5 193 85 42
15 520 168 74 38
16 554 149 56 32
17 591.5 137 49 28
18 366.5 213 93 44
19 237.5 226 99 43
20 348 195 80 40
21 428.5 178 81 38
22 488.5 157 73 38
23 545.5 136 53 31
24 500 134 48 28
25 921.5 396 79 75
31 664.5 150 63 37
33 84 265 132 54
34 729.5 487 239 94
35 744.5 394 209 91
36 271.5 248 107 46
37 721 132 56 32
39 446 406 188 81
40 708.5 541 277 49
42 48.5 314 95 53
