1 533.5 290 97 78
2 602 231 72 60
3 691 185 64 45
4 738 162 52 35
5 777 143 46 29
6 457 267 94 64
7 534 224 74 45
8 600 184 66 42
9 657 164 50 34
10 710.5 143 51 25
11 336.5 278 109 63
12 462.5 232 193 116
13 601 166 58 39
14 447 187 62 32
15 503 170 68 32
16 551.5 149 55 31
17 591 136 48 28
18 351.5 212 81 36
19 235 228 100 46
20 342 190 64 34
21 419.5 179 71 38
22 472 155 74 35
23 545 130 48 25
24 483.5 138 53 29
25 800.5 397 191 74
30 858 506 206 97
31 663.5 147 59 33
32 459.5 432 199 80
33 69 272 136 59
34 192.5 504 247 98
35 161 402 220 86
36 160.5 282 129 55
