1 532 293 98 81
2 600.5 230 71 58
3 689 186 64 46
4 738.5 162 49 33
5 776 144 46 30
6 456.5 268 91 66
7 533 225 78 48
8 600 185 64 42
9 656 164 52 33
10 714 148 52 30
11 335 275 110 56
12 463 231 192 112
13 600.5 160 55 33
14 443 189 68 31
15 508.5 168 67 31
16 556 146 52 26
17 591.5 134 47 25
18 362.5 212 85 39
19 237.5 226 101 43
20 344.5 194 71 37
21 424.5 177 69 36
22 481 153 64 35
23 543.5 132 51 28
24 497 127 46 21
25 869 397 184 74
31 663.5 147 61 32
32 683.5 447 209 87
33 85 271 136 60
34 337.5 504 245 100
35 341.5 399 213 88
36 266.5 245 109 41
37 744.5 129 55 29
