1 531 291 98 78
2 601 234 74 62
3 691 189 66 47
4 736 162 52 34
5 778.5 147 43 31
6 457.5 271 93 67
7 533 228 76 50
8 599 189 66 45
9 657 167 54 35
10 711.5 154 53 36
11 337 277 112 62
12 467.5 232 203 115
13 601 163 56 35
14 445.5 192 79 36
15 513 166 68 33
16 555 145 52 26
17 589.5 137 49 28
18 364 212 88 38
19 236.5 226 101 40
20 341.5 193 69 34
21 420 174 66 33
22 481.5 151 71 32
23 544.5 138 53 32
24 497.5 135 49 27
25 895 389 132 65
31 661.5 147 63 32
32 887.5 455 147 81
33 83 274 132 62
34 443.5 499 241 99
35 537 392 208 87
36 271.5 248 107 46
37 732 134 58 33
38 409 541 274 62
39 75.5 409 149 75
