3 296 541 204 173
4 519.5 316 93 72
5 667.5 203 65 43
9 355.5 349 117 81
10 509.5 244 81 49
14 442.5 190 71 32
15 498.5 172 63 34
16 553 153 56 29
17 591 140 48 27
18 364 218 88 40
19 236.5 228 99 40
20 345.5 200 77 37
21 429.5 178 67 33
22 487.5 156 59 32
23 547 137 52 29
24 498.5 132 49 23
31 117 438 168 116
33 83 271 136 53
36 271 250 102 44
37 448 227 78 55
39 913.5 397 95 70
41 599.5 166 55 35
42 122 296 138 53
43 440 152 56 28
44 644 180 62 35
45 367.5 172 71 28
46 730.5 134 51 24
47 809 129 48 27
