1 531.5 292 101 79
2 600 231 74 58
3 690 187 66 46
4 738 164 54 34
5 777.5 146 49 31
6 458 270 96 67
7 533 228 80 49
8 599.5 189 67 44
9 657 166 50 35
10 713 152 54 33
11 337 284 114 69
12 466 231 196 115
13 602 166 58 39
14 452 188 76 36
15 519 164 66 31
16 555 148 50 26
17 591.5 136 47 27
18 370 211 94 40
19 236 228 100 42
20 345 197 72 40
21 424.5 177 73 37
22 477.5 152 71 32
23 546.5 134 49 29
24 495.5 134 45 26
25 891 394 140 70
31 661.5 148 59 33
32 875.5 457 171 83
33 85 272 134 57
34 431 500 244 100
35 511 394 208 89
36 270 253 108 53
37 733 131 56 30
38 347 541 266 60
39 63.5 411 125 75
