1 241 541 152 83
2 442 385 120 112
3 628 230 82 58
4 702 177 58 36
5 767 150 48 33
7 165 510 170 138
8 447 276 98 72
9 616 181 58 35
10 685.5 155 59 30
12 98 470 194 225
13 427 234 82 49
14 443 187 74 36
15 500.5 169 65 35
16 551 154 56 33
17 591.5 135 51 23
18 364.5 218 91 43
19 237 231 100 46
20 346 197 80 37
21 429 177 68 35
22 484.5 150 59 31
23 546 134 50 26
24 499 132 46 23
31 564.5 176 69 37
33 84.5 270 135 55
35 925 393 72 87
36 273 249 110 47
37 662 145 58 34
39 700.5 404 183 82
41 764.5 125 59 23
42 109.5 306 161 66
43 437 145 50 24
44 799.5 131 51 22
45 341.5 180 81 31
