1 455 365 118 105
2 550 272 88 69
3 671.5 197 71 48
4 728.5 166 53 33
5 774.5 148 47 30
6 281 420 134 116
7 434.5 285 99 69
8 572 201 74 45
9 648 169 52 35
10 708.5 155 57 34
12 260.5 351 301 184
13 550.5 182 69 39
14 443 190 72 40
15 499.5 166 65 32
16 551 149 56 30
17 591.5 137 47 27
18 358 226 102 49
19 237.5 230 105 44
20 347 204 88 45
21 430.5 173 69 32
22 485.5 150 59 30
23 548.5 136 51 31
24 499 135 52 29
31 634.5 154 61 34
33 82 270 128 56
35 878.5 397 165 92
36 251 265 120 51
37 713.5 133 57 30
39 615 404 182 81
41 780 120 54 21
42 117.5 294 131 56
43 439 152 64 31
44 803 129 62 24
45 245.5 207 91 40
