1 532 290 98 82
2 600.5 228 73 60
3 691.5 185 69 47
4 738 158 50 32
5 776.5 141 45 28
6 456.5 264 93 63
7 531 220 78 46
8 601 182 66 43
9 656 161 52 35
10 713.5 144 51 29
11 338 272 114 57
12 464 228 190 113
13 603 160 58 35
14 448.5 185 71 34
15 499 166 66 32
16 551.5 142 55 27
17 590.5 131 47 26
18 259 236 110 43
19 237 221 100 42
20 342 193 68 38
21 424 170 66 33
22 481.5 148 59 34
23 544.5 129 55 31
24 425.5 147 59 29
25 592 408 192 80
26 863 472 196 96
30 535.5 501 239 98
31 682.5 138 57 30
32 162.5 426 197 80
33 33.5 274 65 48
