2 330 522 160 161
3 587 257 90 66
4 681 192 60 39
5 757.5 155 53 33
8 329 367 124 106
9 580.5 202 65 40
10 659.5 169 59 36
12 24 478 46 145
13 334 280 106 63
14 442.5 190 71 37
15 499.5 171 65 33
16 550.5 153 51 32
17 591.5 137 49 28
18 364 219 92 43
19 234 229 102 43
20 345.5 200 77 38
21 428.5 175 65 33
22 484.5 151 59 30
23 547.5 134 53 28
24 497 132 48 26
31 508 201 76 44
33 82.5 271 133 54
35 944.5 393 33 87
36 269 251 104 45
37 632.5 153 61 37
39 749 404 184 79
41 739 128 56 23
42 119.5 299 141 60
43 441.5 150 63 27
44 779 138 54 26
45 354 177 78 31
