1 532.5 294 99 81
2 599.5 232 73 59
3 691.5 191 65 48
4 737 164 52 34
5 777 147 46 31
6 458.5 269 99 66
7 535 229 78 49
8 601.5 191 69 48
9 657 168 52 36
10 713.5 152 55 32
11 335.5 280 113 63
12 463.5 231 193 110
13 601.5 167 59 38
14 451 191 86 38
15 523.5 171 65 33
16 557 147 50 25
17 591.5 137 45 28
18 365 214 92 42
19 236 227 104 42
20 345.5 198 77 37
21 427 177 74 35
22 491.5 155 75 34
23 544 136 50 29
24 497.5 138 51 30
25 905.5 400 111 77
31 660.5 148 59 32
32 936.5 457 49 71
33 84.5 272 137 58
34 490.5 495 241 94
35 612.5 400 207 96
36 272.5 250 109 48
37 726.5 132 55 32
38 623.5 541 267 62
39 143.5 407 189 75
