1 534.5 290 99 80
2 601.5 229 69 61
3 692 186 66 50
4 740 160 52 35
5 780 142 48 31
6 459.5 263 97 61
7 534 222 78 48
8 601 184 70 45
9 657 158 52 30
10 711.5 144 53 30
11 337.5 275 113 62
12 463.5 228 191 115
13 601.5 160 57 37
14 316.5 228 95 42
15 502.5 163 63 36
16 554 142 58 29
17 592 132 48 26
18 132.5 261 125 50
19 235 219 96 39
20 343 190 70 36
21 427.5 169 69 36
22 483 150 64 36
23 545 129 54 29
24 286.5 180 75 33
25 172 412 200 75
26 447 507 222 96
27 712.5 420 201 90
28 934 485 54 96
30 111.5 499 221 92
