1 532 291 100 78
2 601 232 74 60
3 691 187 66 46
4 737.5 163 53 34
5 778 147 46 31
6 457 270 94 67
7 533 229 78 50
8 599 188 66 44
9 657 166 52 35
10 712 153 54 34
11 336.5 280 113 65
12 466.5 232 199 115
13 601.5 165 57 37
14 449 190 78 36
15 515.5 165 67 32
16 554.5 147 51 26
17 591 136 48 27
18 366.5 212 91 39
19 236.5 227 101 41
20 343.5 195 71 37
21 422.5 175 69 35
22 479.5 152 71 32
23 545.5 135 51 30
24 496.5 134 47 26
25 893 392 136 68
31 661.5 147 61 32
32 881.5 456 159 82
33 83.5 273 133 59
34 437 500 242 100
35 524 393 208 88
36 270.5 251 107 50
37 732.5 133 57 32
38 378 541 270 61
39 69.5 410 137 75
