1 533 292 102 79
2 600 230 72 57
3 690 187 66 46
4 738 164 54 34
5 776.5 146 49 31
6 458.5 269 97 66
7 533 228 80 49
8 599.5 189 67 44
9 657 165 50 35
10 712.5 151 53 32
11 336 284 114 68
12 465 231 194 114
13 602 166 58 39
14 453.5 188 77 36
15 519.5 164 65 31
16 555.5 149 51 27
17 592.5 135 47 26
18 369.5 210 95 40
19 237 228 100 43
20 346 198 72 41
21 425 178 74 38
22 477 152 70 32
23 546.5 133 49 28
24 495.5 134 45 26
25 889.5 395 143 71
31 662 148 58 33
32 868.5 458 185 84
33 85 270 134 55
34 424 500 244 100
35 499 394 208 89
36 269.5 253 109 53
37 732.5 132 55 31
38 316 541 264 61
39 57.5 411 113 75
