1 447.5 371 119 106
2 548 275 88 71
3 670 200 72 50
4 727 166 54 33
5 775 147 48 29
6 269 436 138 122
7 426.5 290 101 70
8 568.5 204 73 46
9 647.5 171 51 36
10 707.5 153 57 32
12 249.5 359 305 192
13 546 183 68 39
14 442.5 190 75 40
15 499 166 66 33
16 551 149 56 30
17 592 138 48 27
18 360.5 223 103 47
19 238.5 227 107 41
20 348 204 88 44
21 431.5 173 67 32
22 485.5 149 59 29
23 548 135 52 30
24 498.5 133 51 27
31 632 155 62 34
33 82 271 128 57
35 880 397 162 92
36 250 268 122 54
37 713 132 58 29
39 619.5 404 183 80
41 779 121 54 22
42 119.5 295 137 58
43 438.5 151 63 30
44 804.5 128 57 23
45 254 205 92 40
