2 347.5 500 155 154
3 592.5 253 89 65
4 685 189 60 38
5 759 154 52 33
8 347 350 120 97
9 585.5 199 65 39
10 663.5 168 59 35
12 33 477 64 162
13 347 275 102 60
14 443 191 70 38
15 500 169 64 31
16 552 153 54 33
17 590.5 136 47 27
18 364 217 90 41
19 235.5 229 101 43
20 345.5 198 75 37
21 429 176 68 34
22 485.5 151 57 30
23 546 135 54 29
24 497.5 132 51 25
31 516 195 74 42
33 82.5 273 131 55
35 940.5 390 41 85
36 269 249 106 45
37 634 152 58 35
39 745 404 184 80
41 743.5 128 57 25
42 120.5 296 139 57
43 440 150 58 27
44 783 135 52 24
45 353 177 80 32
