1 531.5 292 97 80
2 594.5 238 73 62
3 690 189 64 48
4 737 163 50 34
5 777.5 145 43 30
6 450 273 96 69
7 531 226 76 49
8 600.5 189 67 46
9 656.5 165 53 34
10 712.5 150 55 32
11 312 296 118 68
12 457 233 194 114
13 601.5 163 57 35
14 448.5 189 87 36
15 507 169 72 35
16 552 147 58 29
17 591 137 50 29
18 368 211 96 41
19 237 224 102 41
20 344 194 70 37
21 427 177 74 37
22 487.5 156 71 38
23 542.5 132 49 29
24 498.5 133 45 28
25 926 396 70 72
31 662 144 62 30
33 83 263 134 49
34 852 480 218 93
35 745 397 210 94
36 270.5 247 105 46
37 720.5 129 57 29
39 459.5 406 187 81
41 782 118 60 21
42 84.5 303 143 58
43 211.5 205 99 36
44 812.5 127 53 22
