1 533.5 292 101 79
2 601 229 74 56
3 691 190 66 48
4 737.5 163 49 32
5 777 145 48 30
6 458.5 271 97 66
7 530 228 74 49
8 600.5 190 69 46
9 657.5 166 51 34
10 713.5 155 55 34
11 335 282 114 65
12 465 232 194 113
13 601.5 165 57 36
14 454 203 84 42
15 512.5 173 69 35
16 555 150 56 28
17 591.5 138 47 29
18 365.5 215 93 43
19 235.5 229 101 43
20 348.5 199 79 40
21 435 178 82 35
22 487 155 66 36
23 545 137 52 31
24 498.5 135 51 27
25 913 396 96 73
31 660.5 149 61 34
33 84.5 272 133 58
34 525 499 242 99
35 658.5 397 205 92
36 271 250 112 49
37 724 135 54 33
38 769 541 270 65
39 212.5 411 189 80
40 77.5 541 153 85
