1 513.5 304 107 84
2 588 240 72 61
3 684.5 189 65 45
4 738 162 50 34
5 776.5 143 43 29
6 419.5 290 105 69
7 504 241 80 53
8 599.5 188 63 46
9 656 164 52 34
10 712 151 52 33
11 162.5 418 145 113
12 401 266 220 136
13 598 163 56 34
14 445.5 196 87 40
15 502 162 62 30
16 551.5 148 53 30
17 590.5 135 49 26
18 367 215 88 39
19 235.5 224 101 41
20 348.5 195 77 38
21 433.5 178 73 38
22 485 149 58 31
23 544.5 131 45 28
24 498.5 131 49 26
31 661.5 146 61 33
33 84 271 136 59
34 935.5 462 51 74
35 805 395 206 93
36 268.5 245 101 43
37 721.5 128 55 27
39 501.5 408 189 83
41 783 120 58 22
42 115 297 140 58
43 401 157 68 28
44 804 128 58 22
45 36.5 250 71 43
