1 530.5 293 99 81
2 594.5 234 73 59
3 689.5 187 67 45
4 737.5 162 51 34
5 775 143 46 27
6 451 272 96 70
7 532.5 226 75 48
8 600.5 186 65 42
9 657.5 164 55 33
10 711.5 148 53 29
11 321.5 291 115 67
12 460 233 192 113
13 601.5 161 57 33
14 440.5 194 83 38
15 506 175 76 36
16 553.5 148 59 29
17 592 137 46 29
18 363.5 211 87 41
19 237 224 100 42
20 344.5 196 73 40
21 431 179 76 39
22 492 158 78 39
23 543.5 136 55 31
24 498.5 133 47 26
25 923 396 76 72
31 662.5 149 59 35
33 83.5 264 135 54
34 835.5 484 251 98
35 742 395 210 93
36 270.5 248 109 49
37 719.5 129 55 28
39 460.5 407 189 82
40 922 541 78 46
41 778.5 125 53 27
42 73.5 305 145 56
43 154.5 217 105 37
44 815 128 54 25
