1 531 292 98 80
2 593.5 240 75 64
3 689.5 187 63 46
4 736.5 165 51 35
5 775 145 46 29
6 454 272 102 68
7 531.5 224 77 46
8 599.5 189 71 46
9 658.5 166 55 36
10 712 149 52 31
11 327.5 286 115 66
12 462.5 230 193 113
13 601 162 54 35
14 449.5 190 79 39
15 504.5 170 67 33
16 554.5 148 59 30
17 593 138 46 29
18 367.5 213 93 42
19 235.5 225 101 43
20 347 195 80 37
21 426.5 179 77 38
22 484.5 152 69 34
23 551 136 54 31
24 500.5 133 45 27
25 922 402 78 80
31 662 147 62 33
33 83.5 263 135 50
34 805 481 240 92
35 743 396 208 93
36 270 250 110 48
37 720 131 56 30
39 460.5 406 187 81
40 889 541 144 50
41 778 122 56 23
42 68.5 309 135 56
43 115 224 112 36
44 816.5 127 55 22
