1 505.5 310 109 87
2 582 246 78 64
3 682.5 192 69 49
4 736 162 52 33
5 775 144 46 29
6 404.5 302 103 75
7 498 244 80 53
8 598.5 189 65 47
9 654.5 165 49 34
10 712 151 56 33
11 109.5 476 167 134
12 381.5 278 235 140
13 593 161 58 31
14 444.5 195 85 38
15 500 163 64 30
16 552.5 147 55 29
17 591.5 134 49 24
18 364.5 222 95 41
19 236 223 98 39
20 350.5 197 81 38
21 440.5 173 77 40
22 488.5 144 53 25
23 547.5 134 49 28
24 497.5 131 53 23
31 663 143 62 28
33 84 268 134 53
35 832 391 212 88
36 271 247 108 43
37 720 128 54 27
39 527 402 184 76
41 779.5 118 51 21
42 119.5 293 137 54
43 416 149 62 25
44 804 128 62 22
45 87 233 118 35
