1 455.5 363 117 104
2 551 270 88 68
3 671 197 70 48
4 729 166 52 34
5 774.5 147 47 30
6 284 415 132 113
7 437.5 282 99 67
8 573 202 74 46
9 648 169 52 35
10 709.5 154 57 33
12 263.5 349 299 183
13 551 180 68 38
14 444.5 190 71 39
15 500.5 166 65 32
16 551.5 150 57 31
17 591.5 136 47 27
18 355 224 100 46
19 237 230 104 44
20 346.5 204 87 45
21 429.5 173 69 32
22 485.5 149 59 29
23 548 134 52 30
24 498.5 133 51 27
31 636 154 62 34
33 81.5 269 129 55
35 877.5 397 167 92
36 250 263 116 49
37 714.5 133 57 30
39 614 406 182 82
41 779.5 120 55 21
42 119 295 134 56
43 438.5 152 63 31
44 802.5 129 63 23
45 243.5 207 93 40
