1 528.5 293 99 80
2 594.5 236 71 61
3 689 187 68 47
4 737 163 50 34
5 775.5 144 45 27
6 444.5 277 97 71
7 524.5 228 75 48
8 600 188 68 46
9 656 164 52 34
10 712 149 54 32
11 283.5 313 123 73
12 447.5 239 199 116
13 600.5 163 55 35
14 455.5 193 87 40
15 520.5 170 71 35
16 553.5 147 55 27
17 591 135 50 26
18 368 214 94 43
19 235.5 226 101 43
20 345.5 193 73 36
21 423.5 177 77 37
22 486 156 72 39
23 547.5 127 43 22
24 498.5 126 39 21
25 933 392 56 67
31 661.5 145 61 30
33 83.5 266 135 54
34 876.5 480 169 95
35 750.5 396 207 94
36 271.5 246 107 45
37 720.5 130 55 29
39 460 404 190 78
41 783.5 120 63 23
42 99 299 142 57
43 280 187 82 33
44 808.5 125 57 20
