1 532.5 292 101 78
2 596 238 72 64
3 689.5 187 69 45
4 738.5 164 51 34
5 776.5 147 47 31
6 457.5 270 95 66
7 532.5 226 73 47
8 599.5 186 67 43
9 658.5 167 53 36
10 712.5 152 55 33
11 334 284 116 66
12 464.5 233 193 115
13 602.5 165 59 37
14 457.5 187 83 39
15 518 167 70 36
16 555 147 52 29
17 590.5 134 49 24
18 374.5 212 105 43
19 236 228 100 45
20 352.5 195 85 38
21 431 177 80 37
22 485.5 154 75 35
23 545.5 136 55 30
24 500 135 50 28
25 922 399 78 76
31 663 149 62 35
33 84.5 265 133 53
34 752.5 487 237 95
35 744.5 396 205 94
36 270 247 108 48
37 720.5 132 55 31
39 452.5 404 187 78
40 783.5 541 277 49
41 782 129 58 32
42 53.5 309 105 49
43 32.5 250 63 39
