1 535 292 98 79
2 602 229 72 58
3 691.5 188 65 48
4 739 162 50 34
5 776.5 144 47 29
6 458.5 269 95 65
7 533 227 76 50
8 600.5 186 69 44
9 657.5 163 53 33
10 713 149 52 30
11 336 278 112 59
12 464.5 229 195 109
13 601 164 56 37
14 447 188 64 32
15 504.5 171 69 32
16 549.5 147 57 26
17 590.5 136 51 27
18 353 209 74 35
19 237.5 225 99 41
20 346 196 74 40
21 418 177 68 36
22 485 156 66 35
23 547.5 131 47 27
24 487 137 48 29
25 826 399 188 75
30 904.5 506 113 99
31 662.5 149 59 35
32 516.5 435 199 81
33 83 268 132 56
34 241.5 503 245 96
35 211 402 216 89
36 205.5 267 119 48
37 768 128 56 31
