1 526.5 295 97 81
2 594.5 239 69 64
3 687.5 189 67 48
4 736 162 50 34
5 775 142 46 26
6 444 276 100 68
7 522.5 230 77 49
8 598.5 186 67 44
9 656 163 56 33
10 712 149 54 32
11 278 317 122 75
12 445.5 240 199 117
13 599.5 163 53 36
14 445 195 82 37
15 509.5 178 71 38
16 552 147 56 29
17 590.5 138 49 29
18 364.5 216 87 42
19 237 225 104 42
20 343 192 68 34
21 412.5 171 65 31
22 481 155 70 38
23 546.5 133 39 26
24 499.5 128 43 23
25 935 389 52 63
31 661.5 145 61 30
33 84 268 136 58
34 883.5 477 155 92
35 752.5 397 205 96
36 272 245 106 46
37 720.5 131 53 30
39 462 402 190 76
41 784 118 62 21
42 100 296 142 55
43 293 186 78 33
44 806 127 56 22
