1 524 300 104 83
2 592 236 74 59
3 688 188 66 47
4 738 161 50 34
5 776 144 46 29
6 433.5 281 101 70
7 516 234 78 51
8 600.5 187 67 44
9 654.5 164 53 33
10 712.5 149 53 30
11 236.5 348 127 84
12 430.5 249 209 122
13 601.5 160 55 32
14 443 198 86 38
15 502 174 70 34
16 554.5 146 49 28
17 592 134 48 26
18 366.5 219 91 42
19 235 224 100 41
20 350 198 84 40
21 435 178 78 39
22 486.5 149 57 30
23 543 129 44 26
24 497.5 126 47 21
25 947.5 383 27 50
31 662.5 144 61 30
33 83 267 134 56
34 902.5 479 117 96
35 773.5 395 211 91
36 269.5 246 109 45
37 720.5 129 57 29
39 471 403 188 77
41 784 119 66 20
42 106.5 296 139 56
43 354.5 173 79 33
44 799.5 128 61 23
