2 290 541 170 144
3 575.5 266 91 70
4 675 194 56 40
5 752.5 156 53 34
8 289 399 130 111
9 572 211 68 45
10 653.5 175 61 40
13 306 295 106 65
14 442.5 190 71 37
15 499 168 64 32
16 552 152 54 30
17 590.5 139 47 27
18 364.5 216 87 43
19 237.5 227 103 40
20 346.5 200 77 39
21 428 176 66 33
22 484.5 153 59 31
23 545 137 52 29
24 499 134 52 26
31 494.5 207 81 46
33 82 273 134 58
36 271.5 251 107 46
37 623.5 156 57 37
39 761.5 404 179 79
41 732.5 130 57 26
42 121.5 294 141 54
43 440.5 152 61 30
44 772 137 50 24
45 356 174 80 29
