1 534 290 98 78
2 601.5 228 71 58
3 690 186 66 45
4 739 160 48 32
5 777.5 145 45 30
6 458 266 94 62
7 533 224 76 46
8 601 188 66 44
9 657 165 50 33
10 711 148 52 31
11 336.5 278 113 61
12 463.5 235 193 119
13 601 164 56 38
14 446 191 66 32
15 506.5 171 69 32
16 551 148 58 29
17 591.5 135 47 26
18 363 209 84 37
19 235 227 100 43
20 345.5 196 71 38
21 423 173 64 33
22 478 150 60 31
23 548.5 134 47 30
24 495 132 44 25
25 851 397 192 74
31 663 147 60 32
32 607.5 445 203 89
33 82.5 270 135 58
34 303.5 504 243 97
35 287.5 402 215 90
36 249 255 110 47
37 753.5 130 55 30
