1 531.5 292 97 80
2 594 237 72 61
3 689.5 189 65 47
4 737 162 50 34
5 777 144 44 29
6 451.5 274 97 70
7 531.5 226 77 49
8 600 186 66 43
9 657 164 52 33
10 711.5 149 53 30
11 317 292 116 66
12 458 233 194 114
13 601.5 163 55 35
14 444 192 86 36
15 507.5 172 73 36
16 553 149 58 30
17 591 138 48 30
18 365 211 90 41
19 236.5 224 101 41
20 345.5 195 73 38
21 424 177 72 37
22 489 157 72 39
23 544 134 52 30
24 499 131 44 26
25 925.5 396 71 71
31 663 147 62 33
33 84 262 134 50
34 845.5 483 231 96
35 744 396 210 93
36 270.5 247 107 47
37 720 130 56 29
39 459.5 407 187 83
41 780.5 119 57 22
42 76 302 150 56
43 188 210 100 37
44 814 128 52 24
