2 256.5 541 157 92
3 562.5 277 95 73
4 664.5 200 61 41
5 750 157 54 33
8 235 446 152 127
9 561 215 68 43
10 643.5 177 59 37
13 273 318 112 70
14 443 189 74 37
15 500.5 168 65 33
16 552 154 56 32
17 593 137 52 25
18 364.5 216 89 44
19 236 226 100 39
20 346.5 198 77 37
21 429.5 175 67 34
22 486.5 152 59 31
23 546 135 52 26
24 500.5 132 49 24
31 475.5 216 85 47
33 84.5 270 135 55
36 271.5 252 107 47
37 614 159 62 38
39 776.5 402 181 75
41 721.5 132 57 26
42 123.5 299 141 57
43 440 152 58 29
44 764.5 140 53 26
45 357.5 176 75 30
