1 530.5 293 99 82
2 599.5 231 69 61
3 690.5 188 67 48
4 738 161 50 34
5 776 144 48 28
6 457.5 271 99 69
7 531.5 227 75 50
8 601 188 68 45
9 656 166 54 37
10 712 152 56 34
11 336 281 112 66
12 463 230 190 112
13 602 164 58 37
14 449 190 84 40
15 512 172 74 35
16 554.5 148 59 30
17 591 137 50 28
18 370.5 213 99 43
19 236 225 100 42
20 346.5 195 77 39
21 431 178 78 38
22 488 155 74 37
23 547 128 52 26
24 501 133 48 28
25 921.5 395 79 74
31 663.5 147 61 33
33 84.5 269 133 58
34 683 490 240 97
35 741.5 398 207 96
36 272 246 106 46
37 720.5 131 55 30
39 420 406 188 82
40 548.5 541 283 54
42 35 314 68 48
