1 533.5 288 95 78
2 600.5 228 71 59
3 691 184 64 46
4 738 159 48 34
5 776 143 48 30
6 456.5 263 91 62
7 531.5 220 77 46
8 599 185 70 47
9 658 163 52 36
10 712 147 54 31
11 334.5 274 109 62
12 462.5 225 189 110
13 602 162 60 38
14 382.5 199 71 37
15 514.5 168 69 35
16 552.5 143 57 28
17 590.5 137 49 29
18 169.5 254 123 49
19 236 220 98 40
20 342 193 66 37
21 433 172 68 36
22 488 149 64 34
23 545.5 133 55 31
24 364 167 74 35
25 370.5 417 197 81
26 678.5 489 207 93
27 873.5 419 175 90
30 307.5 502 229 98
31 725.5 129 61 26
32 26.5 427 51 67
33 8.5 281 15 41
