1 527.5 293 101 79
2 592 238 70 63
3 686.5 188 65 47
4 736.5 164 57 37
5 777 145 48 30
6 440.5 279 99 69
7 522 227 76 47
8 597.5 187 65 45
9 655.5 164 53 36
10 712 150 56 33
11 269 322 128 74
12 442 241 200 122
13 600.5 162 53 34
14 444 192 76 35
15 504 172 66 35
16 553 146 54 28
17 592 133 44 24
18 365.5 215 87 39
19 235.5 225 101 44
20 348.5 194 81 37
21 417.5 174 75 34
22 478.5 156 79 38
23 546.5 123 45 20
24 500 123 40 18
25 937 389 48 63
31 662.5 146 63 32
33 83 265 138 54
34 887 477 148 95
35 757.5 397 203 95
36 269.5 247 107 48
37 720 130 58 30
39 461.5 406 191 80
41 784 118 62 20
42 102 297 142 56
43 308.5 180 77 31
44 805 128 62 23
