1 457 361 116 104
2 551.5 269 87 68
3 671.5 196 69 47
4 728.5 166 51 34
5 774 146 46 30
6 288 409 130 110
7 440.5 280 99 66
8 572.5 202 73 47
9 647.5 168 53 34
10 709.5 154 57 33
12 267 347 298 182
13 552.5 179 67 37
14 445 190 70 39
15 500 166 64 31
16 550.5 151 57 32
17 591.5 136 47 27
18 352.5 223 99 44
19 236.5 230 103 44
20 345 203 86 44
21 429 174 70 33
22 486.5 149 59 29
23 547 134 52 30
24 498.5 132 51 26
31 636 152 62 33
33 81.5 268 129 54
35 877 396 168 92
36 249.5 262 113 48
37 714.5 133 57 30
39 612.5 408 183 84
41 780 120 56 21
42 121 295 138 56
43 438 153 62 32
44 802 128 64 22
45 240 208 94 40
