1 331.5 511 163 163
2 492.5 326 105 91
3 651 213 74 52
4 716 173 56 35
5 773 148 50 30
7 295.5 386 133 94
8 505 238 86 57
9 633.5 179 59 39
10 697.5 156 55 33
12 144.5 460 287 250
13 481.5 211 77 46
14 444.5 187 75 36
15 500 166 66 33
16 554 150 64 31
17 590.5 138 47 29
18 363 215 88 43
19 236 230 98 44
20 347 197 78 38
21 430 174 66 33
22 484.5 151 59 32
23 545.5 136 53 30
24 501 132 46 26
31 591 166 66 37
33 84.5 269 131 57
35 906 394 110 89
36 262.5 248 121 47
37 683 138 58 31
39 668 404 184 79
41 774.5 124 55 23
42 117.5 295 137 57
43 441 146 60 25
44 802 132 56 25
45 317.5 186 75 34
