1 275 541 194 143
2 467 352 112 99
3 637.5 220 81 55
4 710 175 56 36
5 768.5 148 51 31
7 234 442 150 113
8 477 258 94 65
9 626 181 58 39
10 692 160 58 35
12 123 461 244 233
13 453 223 82 48
14 443 188 74 36
15 501 167 66 33
16 553.5 152 57 31
17 591 140 50 30
18 365.5 211 91 37
19 237.5 231 101 46
20 344 194 78 35
21 429.5 176 69 35
22 485.5 153 61 33
23 549 133 54 29
24 501 131 52 25
31 577.5 172 67 37
33 82.5 269 129 56
35 916.5 395 89 91
36 267 251 116 48
37 670.5 143 59 35
39 685 406 188 81
41 770 127 56 27
42 118.5 299 145 62
43 442.5 150 61 29
44 803 132 50 25
45 332.5 183 85 35
