3 421.5 418 143 129
4 579.5 264 77 59
5 701 183 60 38
9 449.5 289 99 65
10 559.5 219 75 46
14 443.5 190 71 35
15 499 170 62 30
16 553 152 56 29
17 590.5 138 49 24
18 365.5 217 87 42
19 236 230 100 41
20 347.5 200 77 36
21 429.5 173 63 29
22 486 154 58 32
23 546.5 134 49 26
24 499.5 133 49 24
31 284 325 126 80
33 84.5 273 135 57
36 270.5 250 105 46
37 518 194 74 46
39 883.5 400 155 73
41 640.5 154 59 34
42 120.5 298 137 57
43 438.5 150 53 26
44 689.5 161 59 31
45 366.5 173 73 28
46 765 132 54 28
