1 533 287 96 78
2 602.5 228 71 61
3 691 181 64 44
4 738 158 48 32
5 777 142 48 30
6 456.5 270 95 68
7 531 221 76 47
8 602 182 66 41
9 657 161 48 33
10 711.5 145 49 30
11 335.5 277 113 63
12 464.5 230 195 113
13 601 160 58 37
14 448 186 70 34
15 506 164 70 33
16 553 143 58 29
17 591 132 50 26
18 291 231 110 40
19 235 220 100 39
20 344.5 193 71 40
21 426 169 68 33
22 479.5 145 55 30
23 546 129 52 28
24 440 145 56 30
25 655 403 190 74
26 890.5 457 141 87
30 601.5 501 237 96
31 674.5 136 59 28
32 226.5 426 195 75
33 43 274 84 51
34 51.5 505 101 96
35 26.5 399 51 77
