1 460.5 357 115 102
2 554 266 86 67
3 673 194 68 46
4 729.5 166 49 35
5 773.5 145 45 30
6 294.5 397 127 104
7 447.5 275 99 63
8 574 202 72 48
9 647 167 54 34
10 711 153 56 32
12 273 342 294 180
13 555 177 66 36
14 447.5 190 67 37
15 500 166 64 31
16 551.5 152 59 34
17 590.5 136 47 27
18 354 224 98 44
19 235.5 231 101 45
20 344 202 84 43
21 428.5 175 71 34
22 487.5 150 59 29
23 545 132 52 30
24 499 130 50 23
31 637.5 150 63 32
33 80.5 265 131 51
35 875 396 172 92
36 248 258 106 44
37 715 133 56 30
39 609.5 410 183 86
41 780.5 121 59 21
42 123 296 144 56
43 437 153 60 32
44 801 128 66 20
45 235.5 208 97 39
