1 472 343 108 96
2 558.5 263 79 68
3 676 197 68 48
4 729 164 52 34
5 776 148 46 30
6 317.5 375 121 98
7 460.5 264 87 57
8 583 196 68 45
9 652 168 54 34
10 709.5 152 53 33
12 291 327 280 170
13 564 175 66 35
14 439.5 189 77 34
15 500 166 64 31
16 553 148 54 28
17 591 133 46 24
18 359.5 227 95 45
19 233.5 229 91 43
20 346.5 209 89 49
21 431 171 60 29
22 487 152 58 33
23 546.5 132 47 26
24 500 132 48 24
31 642 153 60 34
33 86 266 132 50
35 872 393 178 91
36 272.5 261 103 43
37 718 130 58 27
39 600.5 402 183 75
41 782.5 123 55 24
42 117.5 291 127 50
43 437.5 151 61 28
44 802.5 129 59 23
45 222 207 100 35
