1 533 295 100 84
2 602.5 228 71 56
3 690.5 185 61 43
4 739 160 50 33
5 777.5 144 47 30
6 459 271 96 67
7 535 226 78 49
8 601 187 64 44
9 656.5 164 51 34
10 712 144 50 27
11 339 277 114 60
12 463.5 229 189 111
13 603.5 160 59 32
14 447.5 184 59 32
15 501 169 68 32
16 549.5 144 63 28
17 592 133 52 26
18 327 219 90 39
19 235.5 224 101 42
20 342 189 62 33
21 425.5 170 69 32
22 485 150 56 31
23 545 133 52 31
24 461.5 139 45 26
25 738 400 190 76
26 928 444 66 83
30 711 508 240 103
31 666 143 60 30
32 335 430 202 78
33 57.5 267 113 46
34 102.5 505 203 96
35 76.5 404 151 88
36 44 310 86 49
