1 321 524 168 168
2 487 331 106 93
3 649 215 74 53
4 715 174 56 36
5 772.5 148 49 30
7 284 395 134 96
8 500.5 243 87 60
9 633 179 58 39
10 695.5 157 55 33
12 142.5 465 283 252
13 475 212 78 47
14 443 187 74 36
15 499.5 167 65 34
16 553.5 151 59 32
17 590 137 46 28
18 363 214 88 43
19 235.5 230 99 44
20 346.5 197 77 38
21 430.5 172 67 32
22 485.5 152 61 33
23 546 135 54 29
24 500 132 48 26
31 588.5 167 67 37
33 84.5 270 131 57
35 908.5 393 105 89
36 265.5 247 115 47
37 680 141 58 34
39 671 405 182 80
41 772.5 124 55 24
42 120 295 138 57
43 441 146 62 25
44 803.5 132 55 26
45 319.5 185 75 34
