3 519 317 110 89
4 637 220 68 47
5 734 164 54 33
8 74 541 146 96
9 524.5 239 77 50
10 613.5 192 65 42
13 166 395 142 98
14 445 191 74 36
15 499 169 66 32
16 551 150 54 29
17 591 141 50 27
18 365 218 90 44
19 236.5 228 99 40
20 348 202 78 39
21 431 179 68 36
22 486.5 151 57 29
23 547 137 50 29
24 497.5 134 49 25
31 417 247 94 57
33 83 274 138 59
36 272.5 251 107 44
37 581 171 62 41
39 818 403 182 78
41 692 139 58 28
42 122 296 138 53
43 441.5 149 59 26
44 738.5 144 57 26
45 363 173 74 28
46 802.5 127 55 26
