2 335 515 158 159
3 588.5 256 89 66
4 682 191 60 39
5 757.5 154 53 33
8 334 362 122 103
9 582.5 201 65 40
10 660.5 169 59 36
12 27 478 52 151
13 338 278 104 62
14 443.5 190 71 37
15 499.5 170 65 32
16 551 152 52 32
17 591 136 48 27
18 363.5 218 91 42
19 235 229 102 43
20 346 200 76 38
21 429 175 66 33
22 485 151 58 30
23 546.5 134 53 28
24 496.5 131 49 25
31 510.5 199 75 43
33 82.5 272 133 55
35 943 393 36 87
36 268.5 250 105 45
37 633 153 60 37
39 748 404 184 79
41 741.5 128 57 24
42 120 298 140 59
43 440.5 150 61 27
44 780.5 137 53 25
45 353.5 177 79 31
