1 531 291 98 78
2 600.5 233 73 61
3 691 189 66 47
4 737 162 52 34
5 778 147 44 31
6 457 271 92 67
7 532.5 228 75 49
8 599 189 66 45
9 657 167 54 35
10 711.5 155 53 36
11 337 277 112 61
12 467 232 202 114
13 601 163 56 35
14 445.5 192 79 36
15 511.5 167 67 33
16 556 146 52 26
17 590.5 136 49 27
18 364 212 88 39
19 235.5 226 101 41
20 342 194 70 35
21 420 175 66 34
22 482.5 152 71 33
23 545 137 52 32
24 497.5 135 49 27
25 895.5 390 131 66
31 661.5 147 63 32
32 891.5 455 139 81
33 83.5 274 133 61
34 447.5 499 241 98
35 543 393 208 88
36 271.5 247 107 46
37 731.5 135 57 33
38 424.5 541 273 63
39 79 408 156 74
