1 465 352 112 100
2 555.5 266 83 68
3 674 196 68 47
4 729.5 166 51 35
5 774.5 146 45 30
6 302.5 390 125 102
7 452 272 94 61
8 577.5 199 71 46
9 649 168 54 34
10 710.5 152 55 32
12 278.5 338 289 178
13 558 177 66 36
14 444 190 72 36
15 500 166 64 31
16 551.5 151 57 32
17 590 134 46 25
18 356.5 226 97 45
19 234.5 230 97 44
20 345 205 86 46
21 429 173 66 32
22 487.5 150 59 30
23 546 132 50 28
24 499.5 131 49 24
31 639 152 62 33
33 83 265 132 50
35 874 395 174 92
36 257.5 259 105 43
37 716.5 132 57 29
39 606.5 407 183 81
41 781.5 123 57 23
42 121 293 138 53
43 437 152 60 31
44 801.5 128 63 21
45 231 207 98 37
