1 532 288 96 80
2 599.5 228 71 59
3 691 184 64 47
4 739.5 160 53 36
5 778 142 48 30
6 455.5 266 91 68
7 529.5 219 79 45
8 598.5 180 67 39
9 657 161 54 36
10 711 145 50 32
11 335 276 114 62
12 462.5 226 191 110
13 602 160 60 37
14 401.5 199 61 30
15 505.5 164 63 33
16 556 144 50 28
17 590.5 130 49 27
18 214.5 250 113 47
19 235 215 100 37
20 342.5 192 71 39
21 428 172 66 35
22 482.5 149 65 35
23 544 132 58 32
24 402 151 66 27
25 493.5 411 195 79
26 787.5 474 199 87
27 925.5 408 71 79
30 439.5 501 243 99
31 699.5 135 63 30
32 84.5 426 167 77
33 23.5 280 45 45
