3 381 462 160 144
4 558 283 84 63
5 688 188 62 37
9 419 309 106 69
10 540 228 78 48
14 444 190 74 33
15 501 170 66 32
16 553.5 154 57 31
17 591.5 141 47 27
18 364.5 217 89 40
19 237 227 100 39
20 346 201 78 39
21 431 176 64 33
22 485.5 154 57 32
23 547 136 52 29
24 499.5 133 47 25
31 228 357 136 87
33 84 272 136 55
36 272.5 254 107 48
37 493 206 74 49
39 895.5 400 131 73
41 625 158 56 34
42 121.5 300 135 57
43 439.5 150 53 25
44 672 171 60 35
45 364.5 172 71 29
46 752 134 54 26
47 827.5 126 49 24
