1 502.5 312 107 87
2 579 247 72 64
3 682.5 194 67 49
4 737.5 165 55 37
5 776.5 144 45 27
6 394.5 305 107 72
7 491.5 246 81 54
8 598 189 64 46
9 654 163 48 32
10 712 149 52 30
11 84 513 166 147
12 367 283 242 140
13 588.5 165 59 33
14 449.5 196 93 40
15 503 164 58 31
16 553 148 56 30
17 590 132 50 23
18 376 221 104 42
19 235.5 222 97 40
20 357 192 86 34
21 424 175 72 35
22 486 148 58 30
23 543.5 132 49 29
24 499 133 50 26
31 659.5 145 61 29
33 83.5 269 133 58
35 850.5 398 221 96
36 277 248 114 46
37 719 132 56 31
39 541.5 407 187 82
41 783 120 58 23
42 116.5 296 139 59
43 425.5 151 65 27
44 802 128 62 23
45 101 229 142 39
