1 533.5 288 95 79
2 603.5 226 71 57
3 691 185 64 46
4 740 158 48 31
5 779.5 144 47 32
6 460 262 96 61
7 533.5 224 77 48
8 602.5 185 67 45
9 657.5 161 55 34
10 713.5 149 55 34
11 332.5 279 109 67
12 464 227 192 112
13 601.5 162 59 37
14 351 212 78 37
15 512 162 64 32
16 554.5 143 59 29
17 591 134 52 28
18 143.5 261 125 48
19 237 221 98 41
20 346.5 192 75 36
21 427.5 171 73 35
22 486 149 62 34
23 545 128 52 29
24 330.5 177 81 37
25 272 417 198 80
26 571.5 501 215 96
27 800 418 202 85
30 208.5 504 241 100
31 749 131 56 30
