3 408.5 434 147 136
4 572 270 80 59
5 696.5 186 61 39
9 438 296 100 69
10 553 222 72 47
14 442 190 72 35
15 500.5 174 65 33
16 554 152 56 29
17 592 137 50 24
18 366.5 218 87 43
19 236 232 100 43
20 347.5 198 77 35
21 430 175 64 30
22 486 155 62 33
23 545.5 136 47 28
24 500.5 133 45 24
31 265 336 132 82
33 84 273 136 55
36 272 250 104 46
37 511 196 74 46
39 889 400 144 71
41 635.5 155 61 33
42 119.5 296 135 55
43 438 150 52 26
44 685 162 58 30
45 367.5 173 75 28
46 760 134 52 29
47 838 128 54 27
