1 532 290 98 81
2 601.5 227 69 59
3 691.5 187 65 50
4 738 160 50 33
5 779 143 48 30
6 457 268 96 68
7 535 222 78 49
8 600 183 66 44
9 659.5 161 53 34
10 712 146 50 30
11 334.5 277 113 63
12 463 230 190 116
13 601.5 161 57 37
14 394 199 60 33
15 510 167 68 32
16 554 142 54 26
17 589.5 134 51 29
18 186.5 249 119 47
19 236.5 214 99 35
20 342.5 191 67 37
21 432 168 60 33
22 480 148 60 34
23 546 130 58 31
24 380.5 160 71 32
25 422.5 412 195 80
26 728 480 210 88
27 894.5 413 133 84
30 365.5 502 235 99
31 716 133 62 30
32 52.5 426 103 78
33 13.5 284 25 45
