1 342 497 160 157
2 497 321 104 89
3 652 210 74 50
4 716 172 56 35
5 773.5 147 51 29
6 92 541 134 37
7 306.5 376 131 91
8 510.5 235 85 56
9 634.5 178 59 39
10 699 155 56 32
12 148 457 294 250
13 486.5 208 77 44
14 445.5 187 77 36
15 500 167 66 33
16 553 150 64 31
17 591 138 48 29
18 363.5 215 89 43
19 236.5 228 99 42
20 346 197 78 38
21 430 174 66 33
22 484.5 152 59 32
23 544 135 52 29
24 501 132 46 26
31 594 165 66 36
33 84 269 132 57
35 904.5 396 113 91
36 261 250 124 48
37 685 137 58 30
39 664.5 403 185 77
41 776 124 56 23
42 114 297 138 59
43 441 146 60 24
44 800.5 132 59 24
45 315.5 187 75 34
