1 535 287 96 79
2 601 228 72 60
3 691.5 187 69 51
4 739.5 159 51 34
5 783 141 48 30
6 456.5 262 93 61
7 533.5 224 75 50
8 602.5 183 67 44
9 658 158 54 33
10 712.5 147 51 32
11 336 269 112 53
12 464 225 192 110
13 601.5 160 59 38
14 259 250 110 49
15 513.5 162 63 35
16 555.5 140 51 28
17 592 134 50 30
18 121.5 262 121 50
19 236 220 98 43
20 343.5 191 65 38
21 430 171 64 35
22 482.5 148 63 35
23 545.5 128 53 28
24 238 195 88 39
25 79.5 413 157 77
26 304 518 226 102
27 603 421 202 87
28 880.5 487 161 91
30 52.5 500 103 94
