3 488 346 120 99
4 617.5 236 71 51
5 724.5 170 57 34
9 501.5 251 83 51
10 595.5 201 69 43
13 95 449 160 114
14 443.5 190 73 35
15 501 170 64 32
16 554.5 152 59 29
17 591.5 140 49 27
18 365.5 218 89 43
19 237 231 102 43
20 348.5 197 79 34
21 430.5 175 65 31
22 487.5 152 61 30
23 546 135 50 27
24 498.5 133 49 24
31 375.5 268 101 61
33 85.5 272 137 55
36 270 253 106 48
37 561.5 180 65 42
39 846.5 401 181 75
41 672.5 144 57 30
42 122 295 140 52
43 441 152 58 28
44 722.5 153 57 31
45 364 171 72 25
46 789.5 129 55 27
