1 533 292 98 80
2 599.5 230 71 58
3 690.5 186 65 46
4 739 159 48 31
5 776.5 144 47 29
6 456 271 92 70
7 533.5 228 75 50
8 598.5 187 65 45
9 655 163 50 34
10 711.5 151 53 35
11 335 276 112 62
12 462 230 194 114
13 600.5 160 59 34
14 446 193 80 37
15 509.5 175 71 37
16 554.5 146 55 28
17 591.5 135 45 26
18 364 212 92 43
19 236 222 100 39
20 348.5 193 79 37
21 435.5 182 81 42
22 494.5 154 75 36
23 545.5 137 53 32
24 501 134 50 28
25 922.5 393 77 71
31 664 149 62 36
33 85 273 138 62
34 627 493 240 99
35 732.5 394 205 93
36 271 248 108 46
37 720.5 133 55 32
39 376.5 404 187 77
40 355.5 541 273 62
