1 515 302 108 83
2 589 238 72 60
3 684 190 66 46
4 737 164 52 36
5 777 144 46 30
6 423.5 287 107 69
7 505 239 82 52
8 599 189 64 47
9 656 164 52 34
10 711.5 149 53 32
11 179 399 140 104
12 406.5 262 215 134
13 599 163 56 34
14 449 195 80 40
15 502.5 163 61 31
16 552.5 148 55 30
17 591 134 48 25
18 367 215 88 38
19 235.5 223 99 41
20 350.5 197 79 40
21 434 179 74 39
22 484.5 153 61 35
23 543.5 133 43 29
24 498 131 48 26
31 662.5 145 61 32
33 84 273 136 61
34 929.5 462 63 77
35 798 395 206 93
36 271.5 245 107 43
37 720.5 130 55 29
39 495 409 188 83
41 782 119 58 22
42 113.5 296 141 57
43 394 160 70 30
44 805.5 128 57 22
45 26 252 50 40
