1 531.5 287 99 81
2 601 225 72 59
3 690.5 181 65 46
4 738.5 156 49 34
5 786.5 135 49 29
6 458.5 258 93 59
7 532 221 76 49
8 597.5 181 63 44
9 656.5 159 53 34
10 710 144 50 31
11 335.5 267 113 53
12 462 223 190 113
13 603.5 157 55 37
14 193 266 122 52
15 470 167 70 36
16 547.5 141 59 30
17 591.5 127 47 26
18 107 261 120 46
19 236.5 217 97 41
20 341.5 190 69 38
21 423.5 169 65 37
22 483 146 58 35
23 541 127 50 28
24 180 207 90 41
25 25.5 406 49 60
26 160.5 520 231 97
27 494 425 206 90
28 788 494 210 98
29 915 399 92 89
