1 494.5 320 111 88
2 573 252 76 66
3 678.5 193 67 49
4 734.5 162 51 34
5 776.5 143 45 27
6 370.5 326 111 83
7 483.5 248 85 50
8 595 189 66 43
9 654 165 54 33
10 712 150 52 32
11 52 541 102 114
12 343 297 256 153
13 579.5 167 59 33
14 441 188 80 32
15 501.5 166 65 33
16 553.5 149 57 31
17 591.5 133 47 26
18 363.5 225 91 43
19 239.5 226 107 42
20 343.5 197 89 40
21 425 176 70 33
22 486 150 58 32
23 547 134 52 30
24 499 129 48 23
31 655 144 62 28
33 86.5 270 135 58
35 860.5 397 201 94
36 274 254 104 46
37 719.5 129 55 29
39 563.5 406 185 82
41 783.5 118 59 22
42 118.5 295 143 56
43 433 151 62 27
44 805 128 60 21
45 156 222 102 37
