1 532.5 290 99 82
2 601 230 72 61
3 691 186 68 49
4 739 158 50 33
5 776.5 141 45 28
6 456.5 265 93 64
7 531 220 78 46
8 600.5 183 65 44
9 657 161 52 35
10 713.5 144 51 29
11 337.5 272 113 58
12 464.5 228 191 113
13 603 159 58 35
14 444 188 70 35
15 500.5 166 65 33
16 552 143 54 28
17 590.5 131 47 26
18 254 239 112 44
19 237 221 100 42
20 342 192 68 37
21 421.5 172 69 35
22 481.5 148 59 35
23 544.5 129 55 30
24 423.5 148 61 30
25 579.5 408 193 80
26 858 472 206 96
30 523.5 502 239 99
31 684.5 139 57 32
32 150.5 426 197 80
33 31.5 274 61 46
