3 482 352 120 100
4 613.5 238 71 51
5 722 172 58 35
9 496 254 84 52
10 592 203 70 43
13 81.5 460 161 115
14 442.5 190 71 34
15 501.5 171 63 32
16 554.5 152 59 29
17 591.5 141 49 29
18 366 220 90 45
19 238 230 102 42
20 348.5 196 79 34
21 430.5 174 63 30
22 488 153 62 31
23 545.5 135 49 26
24 499.5 132 47 22
31 367.5 273 103 62
33 87 272 138 55
36 269 252 108 46
37 558 181 64 42
39 853 401 182 76
41 670 145 58 30
42 122 292 142 50
43 443 153 60 28
44 719 155 58 32
45 366 173 74 27
46 786 128 54 27
