1 533 286 98 80
2 601.5 225 75 57
3 692 185 66 49
4 738.5 159 53 36
5 785.5 138 51 29
6 457.5 261 95 60
7 533 220 76 46
8 600.5 181 71 44
9 655.5 157 55 31
10 711.5 143 53 29
11 337.5 270 109 56
12 464 224 188 111
13 600.5 159 59 37
14 233.5 254 113 46
15 505 160 62 35
16 557 139 48 26
17 591 129 48 27
18 117 259 120 45
19 236 214 102 36
20 342.5 189 67 38
21 431 165 60 32
22 486 147 64 34
23 547.5 128 53 30
24 218.5 198 95 38
25 59.5 409 117 75
26 251 519 232 102
27 563.5 420 207 87
28 859 489 204 94
29 943 381 36 69
30 31 497 60 81
