1 534 289 96 79
2 603.5 228 71 59
3 692 187 64 48
4 738.5 158 49 32
5 779 143 46 30
6 460.5 265 97 65
7 534 224 80 49
8 602 185 68 44
9 657.5 161 53 35
10 713.5 148 55 33
11 333.5 278 111 66
12 463.5 226 193 111
13 602 162 58 37
14 354 209 74 37
15 515.5 163 63 34
16 553 143 56 30
17 591.5 134 49 28
18 147.5 259 123 48
19 236.5 222 99 42
20 345 191 72 36
21 429 175 74 38
22 483 150 64 35
23 544.5 132 55 32
24 335 175 80 36
25 285 417 200 81
26 586.5 499 213 95
27 812.5 418 199 86
30 221 503 240 99
31 746.5 129 57 28
