1 531.5 295 97 81
2 596 237 72 61
3 689 186 66 45
4 737 161 50 32
5 777 145 46 29
6 454 271 90 68
7 532 225 74 46
8 599.5 184 69 40
9 657.5 164 53 34
10 712.5 152 55 34
11 334.5 281 111 63
12 463 233 192 112
13 602.5 161 59 32
14 448 189 72 39
15 507.5 168 65 33
16 554 147 54 28
17 590.5 136 49 27
18 370.5 215 103 45
19 236 226 98 42
20 348.5 197 79 38
21 427 178 76 38
22 487 155 74 36
23 543 130 52 24
24 499 133 50 27
25 921 397 80 74
31 662.5 147 61 33
33 85.5 265 135 52
34 774 487 238 95
35 743.5 398 203 94
36 269 248 108 46
37 721.5 132 55 31
39 456 407 184 80
40 835 541 252 50
41 782 125 58 26
42 58.5 311 115 54
43 52 248 102 45
