1 493.5 321 109 88
2 573 253 76 66
3 678 194 68 50
4 735 161 52 33
5 776 143 46 28
6 367 329 112 84
7 482.5 249 85 51
8 594 190 66 44
9 653.5 165 53 33
10 711.5 150 51 32
11 48.5 541 95 108
12 341 298 258 154
13 579.5 167 61 33
14 440.5 187 81 32
15 501 166 64 32
16 554 150 58 31
17 591.5 134 47 26
18 365 225 94 44
19 238.5 225 105 41
20 345 198 88 40
21 425.5 176 71 33
22 486 149 58 31
23 547.5 133 53 29
24 499 129 50 23
31 655 146 62 29
33 85.5 268 135 56
35 861.5 397 199 94
36 274 254 106 46
37 719.5 130 55 29
39 565.5 406 185 82
41 783.5 118 59 21
42 119 294 142 55
43 433.5 152 63 28
44 804.5 128 61 21
45 159.5 221 101 37
