1 533.5 288 95 79
2 604.5 226 71 56
3 691 185 64 46
4 741 158 48 31
5 780 144 48 33
6 460.5 262 95 60
7 534 224 76 48
8 603 185 66 45
9 657 161 56 34
10 713.5 149 55 35
11 332.5 279 109 67
12 464 226 192 112
13 602 162 60 37
14 349 213 80 37
15 510 161 64 31
16 555 143 60 29
17 590.5 135 53 28
18 142 261 126 48
19 237 220 98 40
20 347 191 76 35
21 426 168 72 33
22 489 149 62 34
23 546.5 127 51 28
24 329 179 82 38
25 265.5 418 197 80
26 563 502 216 97
27 794 417 204 84
30 201.5 504 241 100
31 750.5 132 55 31
