1 510.5 307 107 84
2 585.5 243 73 64
3 683.5 189 69 46
4 736.5 161 53 34
5 775 142 48 26
6 412.5 297 103 73
7 501 242 84 53
8 599.5 187 63 45
9 656.5 163 53 32
10 712.5 150 53 32
11 133.5 450 155 126
12 391 271 230 137
13 596.5 162 57 33
14 451 195 84 41
15 505 161 58 29
16 552 149 54 31
17 590.5 134 51 25
18 371 218 90 40
19 234.5 222 99 39
20 350 195 80 38
21 436.5 176 73 36
22 488 148 56 29
23 548 132 52 27
24 499 129 52 23
31 663 145 62 32
33 85 267 132 54
34 944 457 34 62
35 821 395 210 92
36 272 248 110 48
37 720 126 54 26
39 517.5 403 185 77
41 783 118 58 19
42 117 293 138 53
43 410 148 64 21
44 806.5 128 55 21
45 62 242 122 41
