1 534.5 287 95 79
2 600.5 228 71 61
3 691.5 188 69 51
4 740.5 160 51 34
5 782.5 141 47 30
6 456.5 263 93 61
7 533.5 225 75 51
8 604 184 66 44
9 657.5 159 53 34
10 713.5 148 51 33
11 335 269 112 52
12 463.5 225 193 110
13 602.5 161 59 38
14 263 248 110 49
15 514 163 64 35
16 555 141 52 29
17 591.5 136 51 31
18 122 263 122 52
19 236.5 221 97 45
20 344 192 66 38
21 429.5 173 65 36
22 481 148 62 35
23 544.5 128 53 28
24 241 194 86 38
25 83 415 164 78
26 313.5 518 225 102
27 610 421 200 86
28 884 487 154 91
30 56 499 110 95
