1 532.5 290 97 77
2 600 231 72 60
3 691.5 186 65 45
4 738.5 163 49 35
5 777.5 145 43 30
6 457.5 270 95 68
7 532.5 226 75 48
8 600.5 188 67 44
9 656 164 50 33
10 712 148 52 30
11 336 282 114 66
12 462.5 233 195 113
13 601 165 56 37
14 450.5 190 81 36
15 512.5 171 71 33
16 551.5 146 61 27
17 589.5 136 49 26
18 365 211 90 37
19 237.5 227 101 44
20 348 197 78 39
21 424 175 72 34
22 473.5 152 69 34
23 545.5 132 55 27
24 496.5 132 47 25
25 876 395 170 71
31 662.5 149 59 34
32 751.5 451 211 84
33 84 269 136 55
34 366 500 240 96
35 395 403 210 95
36 272.5 249 107 48
37 739 129 52 29
38 99 541 196 79
