1 532 290 100 82
2 601.5 228 71 60
3 691 185 70 49
4 739 158 50 33
5 777.5 143 47 31
6 457.5 265 91 64
7 531 222 80 49
8 598.5 184 69 43
9 658 161 54 34
10 711 144 52 30
11 338 273 112 58
12 465.5 227 193 113
13 601 158 58 34
14 412.5 194 65 32
15 515.5 159 59 31
16 555 145 54 30
17 592 132 48 26
18 232.5 242 117 41
19 236.5 216 101 38
20 342.5 195 69 41
21 429 170 68 35
22 484 150 60 37
23 546 129 50 30
24 409.5 149 63 29
25 530.5 409 195 76
26 817.5 474 203 93
30 478.5 499 241 95
31 692.5 131 59 26
32 102.5 426 203 79
33 26 274 50 41
