1 533.5 290 99 80
2 601.5 228 73 59
3 691 186 66 48
4 740 158 50 32
5 777 143 48 31
6 457.5 268 91 68
7 530.5 223 75 48
8 600.5 184 67 43
9 656.5 160 53 32
10 711.5 147 51 33
11 338.5 278 115 61
12 466 228 196 112
13 602 162 58 36
14 436 198 74 38
15 514 171 64 34
16 554.5 144 53 28
17 590.5 133 49 25
18 314 227 102 41
19 235.5 224 97 41
20 345.5 191 71 36
21 423 171 70 32
22 486.5 153 65 34
23 544.5 132 53 29
24 452.5 142 49 29
25 706.5 400 191 75
26 911 455 100 93
30 662 505 242 100
31 668.5 140 59 29
32 288.5 426 201 76
33 51.5 275 101 54
34 79.5 501 157 91
35 53.5 401 105 86
