1 229.5 541 141 68
2 435.5 393 121 116
3 624 231 82 58
4 702 179 58 37
5 766.5 151 49 32
7 143.5 523 183 140
8 439.5 281 99 73
9 614 184 58 36
10 684.5 158 59 31
12 92.5 469 183 217
13 420 237 84 50
14 443 188 74 37
15 500.5 169 65 34
16 552.5 152 57 31
17 591.5 137 49 26
18 365.5 216 91 41
19 236.5 230 101 45
20 347 199 80 38
21 430 176 68 34
22 485.5 150 59 30
23 545.5 133 51 26
24 498.5 133 47 25
31 560 178 70 38
33 84.5 273 135 58
35 925 394 72 89
36 271.5 250 109 48
37 659 146 58 34
39 703.5 403 183 80
41 763.5 126 57 24
42 113.5 302 155 62
43 437 147 54 26
44 799 130 52 22
45 342.5 181 81 33
