1 491.5 324 107 88
2 572.5 254 77 65
3 678 195 68 51
4 735 161 52 32
5 775.5 144 47 29
6 362.5 333 115 86
7 480.5 253 87 55
8 592.5 191 65 45
9 652.5 166 51 34
10 712 149 50 31
11 40.5 541 79 96
12 338 300 264 157
13 578.5 168 65 33
14 438.5 186 83 33
15 500.5 164 63 29
16 553.5 151 59 31
17 592 134 48 26
18 369 224 100 46
19 237 224 102 39
20 346.5 200 85 41
21 425 174 72 32
22 486 147 58 29
23 547.5 131 53 27
24 499.5 129 53 23
31 653 146 60 29
33 84.5 266 135 54
35 863 396 196 92
36 274.5 254 109 46
37 719.5 129 55 28
39 570 407 186 84
41 784 119 60 21
42 119 293 140 53
43 434 153 64 29
44 803.5 128 61 21
45 167 221 100 39
