1 531.5 291 99 80
2 600 230 68 59
3 690 187 66 48
4 740 161 48 34
5 776 145 48 30
6 457.5 268 95 66
7 531.5 227 77 49
8 600 187 68 46
9 656 166 52 36
10 713 154 54 37
11 335 282 112 68
12 463.5 231 195 114
13 602 161 58 35
14 445.5 189 87 38
15 514 169 78 33
16 554 146 58 29
17 592 135 48 26
18 367.5 212 93 41
19 235 226 100 43
20 348 195 80 39
21 433 181 80 40
22 491.5 158 75 40
23 547 133 58 29
24 501 132 48 27
25 921.5 396 79 75
31 663 149 62 35
33 85 272 134 60
34 667 493 238 100
35 740 398 204 97
36 271.5 248 105 49
37 720 128 54 28
39 410.5 407 187 82
40 492 541 282 55
42 28.5 314 55 43
