1 471 345 108 96
2 557.5 263 79 68
3 675 197 68 48
4 728.5 164 53 34
5 777 148 46 30
6 314 378 122 99
7 458.5 266 85 58
8 582.5 197 69 44
9 651.5 167 53 33
10 709.5 152 53 33
12 288 331 282 174
13 562.5 176 67 35
14 438.5 190 79 34
15 499.5 166 65 31
16 553 147 54 28
17 590 132 46 23
18 359 227 96 45
19 233.5 231 91 44
20 346 210 88 50
21 431.5 171 59 29
22 487.5 152 59 33
23 546 132 46 26
24 500.5 132 47 24
31 641.5 153 61 34
33 86 266 132 49
35 872.5 394 177 92
36 273 262 104 43
37 718 130 58 27
39 602.5 401 183 74
41 782.5 123 55 24
42 117 290 128 49
43 437.5 152 61 29
44 802.5 129 59 23
45 225 206 100 34
