1 531.5 289 99 81
2 600.5 227 71 60
3 690.5 185 71 48
4 740 158 50 33
5 778 143 48 31
6 457.5 266 91 64
7 531.5 223 81 50
8 598.5 184 69 43
9 657.5 162 55 35
10 711 145 52 31
11 338.5 274 113 59
12 465 227 192 113
13 601 158 58 34
14 405.5 194 65 31
15 516 159 58 30
16 555.5 145 53 30
17 592.5 133 47 26
18 229.5 244 117 42
19 236.5 216 101 38
20 342 196 68 42
21 431.5 168 67 34
22 484 149 60 37
23 547 129 50 31
24 406.5 150 63 29
25 524 410 194 76
26 812 475 204 94
27 938 410 46 81
30 472.5 498 241 94
31 694.5 130 59 24
32 99.5 427 197 80
33 25.5 274 49 40
