1 532 288 96 82
2 598.5 225 69 61
3 690 182 66 49
4 739.5 158 47 36
5 787 132 46 29
6 458.5 255 93 52
7 532 217 74 48
8 596.5 179 61 44
9 656.5 159 53 34
10 709.5 143 49 31
11 336.5 263 111 45
12 463 223 190 113
13 604.5 155 53 37
14 184 265 122 51
15 467 168 72 37
16 542 141 70 31
17 592 125 42 24
18 106 257 116 40
19 236.5 218 95 44
20 339.5 188 65 38
21 420 169 58 37
22 480 142 50 32
23 539 127 48 29
24 170 211 92 40
25 14 401 26 51
26 136 520 232 98
27 472 428 204 90
28 766 498 202 101
29 907.5 395 107 85
