1 533.5 290 97 78
2 600 232 74 60
3 690 186 62 46
4 737.5 160 51 32
5 777 143 46 28
6 458 267 96 64
7 533 222 74 43
8 600 184 68 41
9 656.5 163 51 33
10 712 142 52 25
11 334.5 278 107 63
12 461.5 232 193 116
13 601.5 165 59 39
14 446.5 187 63 32
15 504 170 68 32
16 551 150 58 32
17 591 136 48 27
18 351.5 209 81 33
19 236 227 102 44
20 342.5 192 65 35
21 421.5 176 73 37
22 472.5 155 73 35
23 544.5 131 49 26
24 483.5 138 51 29
25 804.5 397 191 75
30 867.5 505 187 96
31 662 147 60 32
32 470 434 196 81
33 70 272 138 59
34 203.5 502 247 96
35 171.5 403 221 88
36 170.5 278 127 54
