1 532 291 98 81
2 599.5 230 71 60
3 690.5 187 67 47
4 739.5 160 51 34
5 777.5 145 49 32
6 457 267 90 64
7 530.5 224 77 47
8 600.5 184 69 42
9 657 162 52 33
10 712 147 52 32
11 337 281 112 64
12 463.5 227 193 112
13 602 162 58 35
14 438 192 66 32
15 494 174 70 31
16 554 144 50 28
17 591 134 48 27
18 319.5 223 99 38
19 236 224 96 43
20 345 191 74 36
21 424 175 72 36
22 485 154 66 37
23 546 131 50 28
24 457.5 144 53 31
25 718.5 401 191 75
26 917.5 456 87 94
30 679 504 244 98
31 668 143 60 32
32 306.5 428 203 78
33 54.5 271 107 51
34 88.5 502 175 93
35 62.5 402 123 86
36 27 312 52 40
