3 455 378 128 112
4 599 248 72 53
5 712 176 58 35
9 478 271 92 59
10 576.5 210 73 46
13 54 493 106 118
14 443.5 195 75 40
15 500 171 64 33
16 552.5 152 55 29
17 591.5 138 49 26
18 364.5 218 93 42
19 236.5 227 101 39
20 347 201 78 37
21 430.5 175 67 32
22 486.5 155 59 32
23 546.5 137 49 29
24 500 134 50 25
31 331 297 114 71
33 85.5 271 135 54
36 270.5 255 105 49
37 539.5 185 71 43
39 871 402 180 74
41 655.5 147 59 31
42 122.5 298 137 56
43 440 151 58 26
44 706.5 156 57 30
45 363.5 174 69 29
46 777 131 54 28
