1 534.5 290 101 77
2 600.5 232 73 60
3 690.5 187 65 46
4 738.5 161 51 32
5 778 143 48 29
6 457 269 92 66
7 535.5 224 77 45
8 601 187 64 43
9 657 165 52 34
10 712 151 52 32
11 339.5 280 115 60
12 462.5 231 193 112
13 602.5 162 55 35
14 446.5 189 65 32
15 505.5 171 69 32
16 553.5 147 57 29
17 592.5 137 47 28
18 360.5 211 81 39
19 237 221 102 36
20 345.5 198 71 39
21 433 174 62 33
22 488 154 60 35
23 549 133 52 29
24 495.5 133 57 27
25 839.5 399 187 74
30 935.5 497 51 83
31 663.5 147 59 33
32 556.5 436 201 80
33 85.5 274 133 60
34 270.5 502 249 96
35 248 404 216 92
36 228 260 112 45
37 761 129 56 32
