1 365 470 154 146
2 507.5 310 99 85
3 656.5 208 73 49
4 717 169 56 34
5 774 147 50 29
6 120 541 164 79
7 331.5 354 121 83
8 521.5 230 83 56
9 638 176 58 39
10 700.5 151 57 29
12 159.5 452 317 251
13 498.5 200 77 41
14 446.5 189 79 37
15 500 168 66 33
16 552.5 150 57 31
17 591 140 48 30
18 364.5 217 91 44
19 236.5 223 101 37
20 346.5 198 81 38
21 430 174 66 34
22 485.5 151 61 30
23 543 132 50 26
24 500.5 131 49 25
31 603 161 68 33
33 83.5 271 135 57
35 902 398 118 94
36 259.5 255 127 53
37 689.5 137 61 31
39 654.5 403 183 76
41 777.5 124 59 25
42 108 304 144 64
43 441 147 62 25
44 801 130 66 23
45 305.5 186 75 32
