3 493.5 341 119 98
4 621 232 70 50
5 726 169 56 33
9 506.5 248 81 50
10 598.5 200 69 44
13 108 439 158 113
14 444 192 74 37
15 499.5 170 65 33
16 556 153 60 30
17 591.5 139 49 25
18 364.5 216 89 41
19 236.5 232 101 44
20 347.5 198 79 35
21 429 175 66 32
22 486.5 152 59 30
23 546.5 135 51 28
24 498 135 50 26
31 384.5 264 99 61
33 84.5 272 137 55
36 270.5 253 105 49
37 566.5 179 67 42
39 841 401 180 75
41 676.5 143 57 30
42 122 297 138 54
43 439.5 152 55 28
44 725 150 56 29
45 363 170 70 24
46 791.5 129 55 27
