3 403.5 438 149 137
4 569.5 272 81 59
5 694.5 187 61 39
9 435.5 298 101 69
10 552 223 74 47
14 442.5 190 73 35
15 500.5 173 65 33
16 554 152 56 29
17 592 138 50 25
18 367 217 88 42
19 236 231 100 42
20 347.5 199 77 36
21 430 176 64 31
22 486.5 155 61 33
23 545 136 48 28
24 499.5 133 45 24
31 259 338 132 82
33 84.5 272 137 55
36 272.5 250 105 46
37 507.5 198 73 46
39 890 400 142 72
41 634 155 60 33
42 120.5 297 135 56
43 438 150 52 26
44 683 164 58 31
45 367 173 74 28
46 758.5 133 53 28
47 835.5 127 53 26
