2 301 534 168 150
3 578 263 90 69
4 677 193 56 40
5 753.5 156 53 34
8 302 386 126 107
9 575 210 68 45
10 655.5 174 61 40
13 316 289 106 64
14 442.5 189 71 36
15 498.5 168 63 31
16 553 151 54 30
17 590.5 139 47 28
18 364 216 88 43
19 236.5 228 103 41
20 346.5 200 77 39
21 428 176 66 33
22 484.5 152 59 31
23 545 137 52 30
24 499 134 52 26
31 499.5 204 79 45
33 81 274 134 59
35 947.5 388 27 81
36 270.5 251 107 46
37 625.5 155 57 37
39 757.5 404 179 79
41 735 129 56 25
42 120.5 295 141 55
43 440.5 151 61 29
44 774.5 137 51 24
45 356 174 80 29
