1 532 290 98 82
2 600.5 228 73 60
3 692 184 68 46
4 738 157 50 32
5 778 142 46 29
6 456 262 92 61
7 532 219 78 45
8 600.5 183 67 43
9 656 160 52 34
10 714 144 52 29
11 337.5 272 113 56
12 463 228 190 114
13 602 160 58 36
14 450.5 184 71 33
15 500 165 68 32
16 551 142 56 27
17 591 131 48 26
18 262.5 235 109 42
19 236.5 220 99 41
20 342.5 194 69 39
21 425 169 64 32
22 482 148 60 33
23 545 130 54 31
24 427 146 58 28
25 598 408 192 79
26 865.5 470 191 94
30 542.5 500 239 98
31 681 138 58 30
32 168.5 426 197 80
33 34.5 275 67 50
34 23 488 44 66
