1 532.5 291 95 77
2 601 230 70 59
3 691 188 64 46
4 737.5 163 49 35
5 778 145 42 29
6 457 271 94 66
7 531.5 227 79 49
8 599.5 187 67 44
9 656.5 163 51 32
10 712 151 52 33
11 337 281 114 64
12 462 233 194 115
13 601 166 58 37
14 453 193 80 39
15 521 165 62 31
16 555 146 52 25
17 590 134 46 24
18 366 211 92 39
19 237 228 100 44
20 346 198 76 40
21 421.5 176 69 34
22 475 156 68 38
23 544.5 137 55 34
24 498.5 133 45 25
25 880.5 394 161 70
31 663 149 60 34
32 799 455 216 87
33 85 271 134 58
34 386.5 499 241 95
35 432.5 399 209 91
36 271 249 104 49
37 737 130 56 31
38 157 541 254 72
39 23.5 409 45 61
