1 533.5 292 101 79
2 600.5 230 73 57
3 691 190 66 48
4 737.5 163 49 33
5 777 146 48 30
6 458.5 272 97 67
7 530.5 228 75 49
8 601 189 68 45
9 658 167 52 35
10 713.5 154 55 33
11 336 281 114 64
12 465 232 194 113
13 601.5 165 57 36
14 455 200 84 40
15 515 173 70 35
16 555 150 56 28
17 591.5 138 47 28
18 367.5 214 95 42
19 235.5 229 101 43
20 348.5 199 79 40
21 434 178 80 35
22 487.5 156 67 37
23 544.5 138 53 32
24 499 136 52 28
25 912.5 396 97 73
31 661 149 62 34
33 84.5 273 133 59
34 521.5 498 241 98
35 655 397 206 92
36 271.5 250 111 49
37 724 135 54 33
38 755.5 541 269 65
39 206.5 411 189 79
40 72.5 541 143 85
