1 500.5 313 107 87
2 578 247 74 63
3 681.5 194 67 50
4 737.5 164 55 36
5 776.5 145 45 29
6 391.5 309 107 75
7 489.5 247 81 54
8 598.5 188 63 44
9 654 164 50 32
10 712 149 54 30
11 77 522 152 147
12 363 285 246 143
13 586 166 60 34
14 450 195 86 39
15 503 165 58 32
16 553 149 58 31
17 591.5 132 49 24
18 376.5 221 101 42
19 235 222 96 40
20 356 194 88 37
21 428.5 175 75 36
22 485 148 56 30
23 544.5 131 47 27
24 499.5 133 47 26
31 658 146 60 30
33 84.5 270 135 58
35 853 396 216 94
36 276 249 112 47
37 720 132 56 31
39 545 404 184 79
41 783.5 120 59 23
42 117.5 295 137 57
43 427 150 64 27
44 804 127 58 22
45 113 227 132 38
