1 488 327 106 90
2 570.5 256 77 65
3 678 195 68 51
4 735 161 52 32
5 776 144 48 30
6 357.5 339 115 88
7 477.5 255 87 56
8 591.5 192 65 46
9 652 166 50 34
10 712.5 149 51 31
12 333.5 304 267 159
13 577 168 66 33
14 438 186 84 33
15 500.5 164 63 29
16 553.5 151 59 31
17 592 135 48 26
18 368.5 225 101 46
19 236.5 224 101 39
20 347.5 200 85 41
21 425 174 72 32
22 486 147 58 28
23 547 130 52 26
24 499.5 131 53 24
31 652.5 147 61 30
33 83.5 267 135 54
35 864.5 396 193 92
36 273.5 255 113 46
37 720 130 56 28
39 575 407 186 84
41 785 119 62 21
42 119.5 293 137 52
43 434 153 62 29
44 804 129 62 22
45 172.5 220 97 39
