1 533.5 288 95 79
2 603.5 227 71 58
3 692 186 64 47
4 739.5 159 49 32
5 779.5 143 47 31
6 460.5 264 97 63
7 534 225 78 49
8 602.5 185 67 44
9 658 162 54 35
10 713.5 148 55 33
11 333 278 110 66
12 463.5 226 193 111
13 602.5 162 59 37
14 352 210 76 37
15 514 163 64 33
16 554 144 58 30
17 591.5 134 51 28
18 146 260 124 48
19 236 222 98 42
20 346 191 74 36
21 427.5 173 73 36
22 484.5 150 63 35
23 545 130 54 30
24 333.5 177 81 37
25 278.5 417 199 80
26 579 500 214 96
27 806.5 417 201 85
30 214.5 503 241 99
31 748 130 56 29
