1 286.5 541 191 153
2 472 348 110 98
3 641 218 80 54
4 712 174 56 36
5 770 148 50 31
7 247.5 428 145 107
8 483.5 254 93 63
9 627.5 180 57 39
10 692.5 160 57 35
12 128.5 462 255 238
13 458.5 220 81 48
14 442 188 74 36
15 501 166 66 33
16 554.5 152 57 32
17 591 139 50 29
18 365 210 90 37
19 237.5 231 101 45
20 345 195 78 36
21 429.5 175 69 34
22 484.5 153 61 34
23 549 133 54 29
24 501.5 132 51 26
31 580.5 170 67 36
33 83.5 269 129 56
35 915 394 92 90
36 266 250 116 48
37 672.5 144 59 36
39 681.5 405 187 80
41 770.5 127 55 28
42 121.5 297 141 61
43 442 149 60 28
44 804 131 52 25
45 329.5 184 83 35
