1 532.5 290 97 81
2 602 227 70 59
3 692.5 186 65 49
4 738.5 160 49 33
5 779 144 48 31
6 458 267 96 67
7 534 222 78 49
8 600.5 184 67 44
9 658.5 161 53 34
10 712 147 52 31
11 335.5 275 113 61
12 463.5 229 189 115
13 602.5 161 57 36
14 393 198 62 33
15 512 166 68 33
16 554 142 54 26
17 590.5 134 51 29
18 184 251 122 47
19 237 216 98 36
20 343 191 68 37
21 433.5 170 61 35
22 481.5 149 61 34
23 545.5 130 57 30
24 378 161 70 32
25 415.5 413 195 80
26 722 481 210 88
27 893 413 136 84
30 358.5 500 235 97
31 716.5 132 61 29
32 49.5 425 97 76
33 13 282 24 43
