1 532 292 94 78
2 600.5 231 69 59
3 691 188 64 46
4 737.5 163 49 35
5 778 145 42 29
6 457 270 94 65
7 532.5 227 79 49
8 599 187 66 44
9 657 164 52 33
10 712 151 52 33
11 337 280 114 63
12 461.5 232 193 114
13 601 166 58 37
14 453 192 80 39
15 519.5 164 61 31
16 555 146 52 25
17 590 133 46 24
18 367.5 212 93 40
19 237 228 100 44
20 345.5 198 75 40
21 420 176 70 33
22 475.5 155 67 37
23 545 137 54 34
24 499 133 44 25
25 881 394 160 70
31 663.5 148 61 33
32 806.5 456 217 88
33 84.5 271 133 58
34 390 498 242 94
35 438.5 398 209 91
36 271 248 104 48
37 736 131 56 32
38 169.5 541 261 71
39 26 409 50 62
