1 530.5 295 99 83
2 600 230 70 57
3 690.5 188 65 45
4 740 166 52 36
5 776.5 147 45 30
6 458.5 270 97 66
7 533.5 227 79 48
8 600.5 189 67 45
9 657 164 52 33
10 713.5 152 55 33
11 336 282 112 64
12 462.5 232 191 111
13 603 164 62 36
14 451.5 194 87 41
15 517.5 170 75 36
16 553.5 150 59 29
17 591.5 138 47 28
18 366.5 213 91 40
19 233.5 228 101 44
20 346.5 198 75 40
21 440.5 180 91 39
22 492 158 80 37
23 548 137 56 32
24 499 138 52 31
25 918 397 86 72
31 662.5 146 61 32
33 84 272 136 57
34 546.5 500 243 102
35 683.5 395 209 93
36 271.5 251 107 50
37 721.5 131 55 31
38 848 541 226 68
39 256.5 406 193 75
40 114 541 226 79
