1 533.5 290 97 78
2 600 232 76 60
3 690 186 62 46
4 738 159 50 31
5 777 143 46 28
6 457 267 96 64
7 533.5 222 75 43
8 599 184 68 40
9 655.5 163 51 33
10 712 142 52 26
11 334.5 278 107 63
12 461.5 232 193 116
13 602 164 60 38
14 446.5 187 63 32
15 504 170 68 32
16 550.5 150 59 32
17 590 136 48 27
18 351.5 208 81 32
19 236 226 102 43
20 342.5 192 65 35
21 423 175 74 36
22 473 156 72 35
23 543.5 132 49 27
24 484 138 50 29
25 806.5 397 191 76
30 872.5 505 177 96
31 661.5 146 61 31
32 475.5 434 195 81
33 71 272 140 59
34 208 500 246 95
35 176.5 403 221 88
36 176 276 126 53
