2 273 541 166 114
3 570.5 272 93 70
4 669 197 60 39
5 750.5 156 51 32
8 259.5 427 143 124
9 565.5 210 65 40
10 647.5 175 59 37
13 288.5 307 109 67
14 441.5 192 71 39
15 499 168 66 34
16 551 153 54 31
17 591.5 138 49 27
18 364.5 216 87 44
19 236.5 226 99 40
20 346.5 198 77 37
21 428 177 66 33
22 486 154 62 32
23 543.5 131 49 22
24 499 129 46 23
31 483.5 212 83 47
33 85 270 134 53
36 272 252 106 46
37 620 157 58 38
39 769.5 403 183 78
41 726.5 132 59 26
42 122 296 140 55
43 442.5 152 63 29
44 768 139 50 26
45 358 176 78 31
