1 534.5 288 93 79
2 604 228 70 60
3 691 187 64 48
4 739 159 54 35
5 781.5 143 49 32
6 460 266 96 66
7 534 222 78 49
8 602 186 64 47
9 658 159 50 34
10 713.5 146 53 32
11 338 274 112 59
12 463.5 232 191 117
13 601 161 58 37
14 300 232 98 42
15 513.5 160 63 36
16 554 142 52 27
17 592 133 48 26
18 128.5 263 125 48
19 235.5 222 99 43
20 343 192 68 38
21 425 171 70 37
22 486.5 149 63 34
23 543 133 56 34
24 273.5 186 85 36
25 136.5 415 197 75
26 405 511 228 94
27 684.5 421 199 87
28 920 485 82 95
30 97 499 192 92
