1 530 294 98 82
2 599.5 231 69 61
3 689.5 186 67 47
4 738 160 50 33
5 775 144 48 28
6 457.5 270 99 68
7 531 227 76 50
8 601 188 68 45
9 655 166 54 37
10 712 154 56 36
11 336.5 282 113 67
12 462.5 230 191 112
13 602 164 58 37
14 449.5 188 85 39
15 513.5 170 73 33
16 554.5 148 59 30
17 591 137 50 28
18 372 213 102 43
19 235.5 225 99 42
20 346 195 76 39
21 432 178 78 38
22 488.5 156 75 38
23 547 128 54 26
24 503 133 48 28
25 922 395 78 74
31 664 147 62 33
33 85.5 269 133 58
34 679.5 490 239 97
35 741.5 398 207 96
36 272 246 106 46
37 719.5 129 55 29
39 418.5 407 187 83
40 536.5 541 283 54
42 33.5 313 65 46
