1 532.5 292 97 81
2 601 232 72 61
3 691 185 66 44
4 739.5 160 49 33
5 779 147 46 32
6 458 270 96 66
7 534 228 74 50
8 600 187 68 44
9 656.5 164 53 34
10 713 151 56 33
11 336 280 114 64
12 463.5 231 193 113
13 602.5 160 61 33
14 457.5 186 89 36
15 524.5 159 61 29
16 554 146 56 28
17 591.5 136 47 28
18 367 211 94 40
19 236 227 100 44
20 345.5 196 75 39
21 431.5 176 77 36
22 489.5 152 73 32
23 547 133 52 30
24 501 135 52 30
25 921 398 80 76
31 663 144 60 31
33 84 271 134 59
34 602 498 240 103
35 720.5 395 209 93
36 272.5 250 109 48
37 721.5 134 53 33
39 344 406 190 79
40 266.5 541 285 70
