2 365.5 480 149 147
3 598.5 249 89 64
4 688.5 186 59 37
5 760.5 154 51 33
8 364.5 335 115 90
9 591 196 64 38
10 666.5 166 59 34
12 42.5 477 83 177
13 359.5 269 99 57
14 443 191 70 38
15 500 167 64 30
16 552.5 153 57 33
17 589 136 46 26
18 365 216 90 40
19 236.5 230 101 43
20 346 196 74 36
21 429 176 70 34
22 485.5 151 57 30
23 545 136 54 30
24 497.5 133 53 25
31 523 192 72 42
33 83 274 132 56
35 937 388 48 82
36 269.5 248 107 45
37 637.5 151 57 34
39 739 403 184 79
41 748 128 58 26
42 121.5 294 139 54
43 439.5 148 55 26
44 786 135 50 24
45 353 177 82 32
