1 532 294 100 83
2 599 234 70 62
3 690 188 66 47
4 736 162 52 33
5 776 145 48 29
6 457 273 96 72
7 531 227 76 50
8 600 190 66 48
9 657 166 54 36
10 712 147 54 29
11 335 277 112 62
12 463 229 192 113
13 600 163 54 36
14 447 190 82 39
15 511.5 170 71 36
16 554.5 145 55 27
17 591 137 46 28
18 365.5 212 87 42
19 236 227 102 44
20 351 196 84 40
21 431.5 180 79 40
22 488 155 74 37
23 546.5 131 51 29
24 498.5 132 45 27
25 921 397 80 75
31 662 147 60 34
33 83.5 268 133 56
34 703.5 492 237 99
35 744 395 206 94
36 271 247 106 48
37 721.5 134 55 32
39 432 407 190 81
40 618.5 541 277 52
42 40.5 310 79 47
