1 533.5 292 99 81
2 602.5 228 69 56
3 691.5 186 63 45
4 738.5 160 49 33
5 778 144 48 29
6 458.5 271 95 68
7 534 225 74 48
8 599.5 187 65 44
9 657 162 52 33
10 712 146 52 29
11 337 277 114 60
12 463 230 190 112
13 602.5 163 59 36
14 448 184 60 32
15 501 169 68 32
16 551 146 60 28
17 592 132 48 25
18 330.5 220 87 40
19 236.5 227 101 45
20 345 193 70 37
21 427 173 70 36
22 489 149 58 31
23 544.5 134 53 30
24 465.5 140 49 27
25 747.5 399 189 74
26 933 443 56 79
30 731.5 507 243 100
31 664.5 142 61 30
32 353.5 432 201 81
33 60.5 268 119 49
34 109.5 506 217 97
35 84.5 403 167 87
36 55 310 108 52
