1 531.5 290 97 81
2 600.5 227 73 59
3 692.5 183 67 45
4 737.5 158 49 33
5 778 142 46 29
6 456 261 92 59
7 532.5 220 77 45
8 600.5 183 69 43
9 656 160 52 33
10 713 145 52 30
11 337 270 112 53
12 462.5 228 191 115
13 602 160 58 36
14 453.5 183 71 32
15 503.5 161 71 31
16 550.5 142 59 27
17 591.5 132 49 27
18 268.5 233 107 39
19 236 218 98 40
20 344.5 195 71 40
21 428.5 167 61 31
22 481.5 148 61 32
23 545.5 130 53 31
24 429.5 144 57 26
25 610.5 407 193 77
26 871 466 180 90
30 555.5 499 239 98
31 679.5 137 59 29
32 181 424 196 78
33 36.5 276 71 53
34 27.5 495 53 75
