3 485 350 120 100
4 615.5 237 71 51
5 723.5 171 57 35
9 498.5 253 83 52
10 594 202 70 43
13 84.5 454 167 114
14 443 191 72 35
15 502 170 64 32
16 554.5 152 59 29
17 591.5 140 49 28
18 365.5 219 89 44
19 237 230 102 42
20 348.5 196 79 34
21 430 174 64 30
22 487.5 153 61 31
23 545.5 134 49 26
24 499 133 48 23
31 371 271 102 62
33 86.5 272 137 55
36 269.5 252 107 47
37 560.5 180 65 42
39 850 401 182 75
41 671.5 145 57 30
42 122.5 293 141 51
43 442.5 153 59 28
44 720.5 153 57 31
45 364.5 172 73 26
46 788.5 129 55 27
