1 235.5 541 147 76
2 438.5 389 121 114
3 626 230 82 58
4 702 177 58 36
5 767.5 150 49 32
7 154 517 176 139
8 443.5 279 99 73
9 615 183 58 36
10 684.5 156 59 30
12 95.5 470 189 221
13 423.5 235 83 49
14 443 188 74 37
15 500.5 170 65 35
16 551.5 153 57 32
17 592 136 50 24
18 364.5 217 91 42
19 236.5 230 101 45
20 347 198 80 38
21 429 176 68 34
22 485.5 151 59 31
23 545 134 50 26
24 499 132 46 24
31 562 176 70 37
33 84.5 272 135 57
35 925 393 72 88
36 272 250 110 48
37 660 145 58 34
39 702.5 404 183 81
41 764 126 58 24
42 112 304 158 64
43 437 146 52 25
44 799.5 131 51 22
45 341.5 181 81 32
