1 309.5 541 173 176
2 482.5 337 107 96
3 648.5 217 75 54
4 714.5 174 55 36
5 772.5 148 47 31
7 273 404 134 98
8 494.5 248 87 63
9 631 178 56 38
10 694.5 158 55 33
12 140 471 278 254
13 469.5 214 79 49
14 442 187 74 37
15 499.5 167 65 34
16 553 151 54 33
17 589.5 137 45 28
18 363 214 88 43
19 236 231 100 44
20 347.5 197 77 38
21 430.5 171 67 31
22 485 151 62 33
23 546.5 135 55 29
24 499.5 132 49 26
31 586.5 166 67 36
33 85.5 270 131 56
35 911 392 100 88
36 268 245 110 47
37 678.5 143 59 36
39 673 407 180 82
41 770.5 125 55 26
42 122 294 140 56
43 440.5 147 63 26
44 806 133 54 27
45 322 184 76 34
