1 533.5 291 97 77
2 600.5 230 71 59
3 691.5 188 65 46
4 738.5 162 49 34
5 778 145 42 29
6 457.5 271 95 67
7 532 227 80 50
8 600 188 68 44
9 656 163 50 32
10 712 150 52 32
11 336.5 281 113 64
12 462 234 194 116
13 600.5 165 57 37
14 453.5 194 79 39
15 521 166 62 31
16 555 146 52 25
17 590 135 46 25
18 366 212 92 39
19 237.5 228 101 44
20 346.5 198 77 40
21 422 177 68 35
22 474.5 156 69 38
23 544 136 56 33
24 498 133 46 25
25 879.5 394 163 70
31 663 149 60 34
32 791 454 216 86
33 84.5 272 135 58
34 383.5 500 239 96
35 426.5 399 209 91
36 271.5 248 105 49
37 736.5 129 55 30
38 145 541 248 73
39 21 408 40 59
