3 290 541 204 167
4 515 319 94 73
5 665.5 204 65 43
9 350.5 353 119 82
10 507 247 82 51
14 443 190 72 32
15 499 171 64 33
16 553 153 56 29
17 591 140 48 27
18 364 217 88 40
19 236 229 100 41
20 345.5 200 77 37
21 429.5 178 67 33
22 486.5 156 59 32
23 546 137 52 29
24 498.5 133 49 24
31 110 445 168 119
33 83 270 136 53
36 271.5 250 103 44
37 444 228 80 56
39 914.5 398 93 71
41 598 167 56 36
42 122 297 138 54
43 441 151 58 27
44 642.5 181 63 36
45 367 171 70 27
46 728.5 135 51 25
47 808 129 48 26
