3 223.5 541 167 82
4 465 366 110 88
5 640.5 217 69 46
9 276 419 140 108
10 469.5 273 95 62
14 441.5 190 69 35
15 498.5 172 63 33
16 553.5 154 59 30
17 590 140 50 26
18 364.5 220 93 42
19 236 233 100 45
20 347.5 199 77 37
21 429.5 175 65 30
22 485 153 56 29
23 545.5 137 49 29
24 495.5 132 51 22
31 38 503 74 102
33 83 273 134 55
36 265.5 252 101 44
37 392.5 258 93 70
39 936 403 50 74
41 572 181 66 42
42 120 298 134 55
43 443 151 64 26
44 610 194 68 39
45 366.5 171 67 26
46 707 141 52 29
47 790.5 136 49 30
