1 270.5 541 193 138
2 464.5 356 113 101
3 636 221 80 56
4 709 176 56 36
5 768.5 149 51 32
7 226 450 152 118
8 474.5 261 95 67
9 625.5 182 59 39
10 691 159 58 34
12 120.5 464 239 233
13 450 224 82 48
14 443 188 72 36
15 500.5 167 65 33
16 553.5 152 57 31
17 591 139 50 30
18 365.5 213 91 39
19 237.5 231 101 46
20 344 195 78 36
21 430 175 70 35
22 485 151 60 31
23 548 134 54 29
24 500.5 131 53 25
31 577 172 68 37
33 83 270 130 56
35 917 396 88 92
36 268 251 114 47
37 669 143 58 34
39 686.5 407 187 82
41 769.5 126 57 26
42 115 300 148 63
43 442 149 62 28
44 803 133 50 26
45 334.5 184 85 35
