1 531.5 295 99 84
2 599 232 68 61
3 691 189 66 49
4 737.5 163 51 35
5 776 144 46 29
6 457 273 98 71
7 531.5 226 73 49
8 600.5 189 67 46
9 656 165 54 35
10 712.5 150 55 31
11 335.5 279 111 64
12 463.5 228 189 110
13 602 163 58 36
14 449 192 84 41
15 509 174 76 38
16 553.5 147 59 29
17 591.5 138 49 29
18 369.5 212 93 42
19 236 226 100 43
20 349 194 78 38
21 429.5 179 79 38
22 486.5 153 71 35
23 548 128 48 26
24 498 132 46 27
25 921 396 80 74
31 663.5 146 61 33
33 83 268 132 58
34 690.5 491 241 98
35 742.5 398 207 96
36 272.5 246 105 46
37 720.5 132 55 31
39 424 405 190 81
40 572.5 541 283 53
42 37 315 72 51
