1 535 289 100 76
2 601 230 72 59
3 690.5 186 65 45
4 738 160 50 31
5 778 143 48 29
6 457.5 269 93 66
7 535.5 223 77 44
8 601.5 187 63 43
9 656.5 165 51 34
10 711 151 52 33
11 339.5 278 115 59
12 462.5 233 193 115
13 602.5 162 55 35
14 446.5 190 65 32
15 505.5 171 69 32
16 553.5 147 57 29
17 592 137 46 28
18 361 212 80 40
19 237 222 102 37
20 345 198 70 39
21 434.5 173 61 32
22 487 152 62 34
23 549 133 52 29
24 497 133 56 27
25 842.5 399 187 74
31 663 146 60 32
32 569 437 202 81
33 84.5 274 133 61
34 278.5 501 249 95
35 258 405 216 93
36 234 259 112 45
37 759 129 56 32
