1 532.5 292 99 80
2 601.5 230 71 58
3 689 186 64 47
4 740 161 48 32
5 776.5 144 47 30
6 456 269 92 67
7 532 225 78 48
8 600.5 185 65 43
9 656 164 52 33
10 713.5 148 51 30
11 335.5 275 109 56
12 463 232 192 111
13 600.5 160 55 33
14 442.5 188 69 31
15 509.5 166 67 31
16 556 146 52 26
17 591 134 46 25
18 363 212 86 40
19 238 226 102 43
20 345 194 72 38
21 425 177 70 37
22 482 153 62 35
23 543.5 132 51 28
24 497 128 46 22
25 870 398 182 74
31 663.5 147 61 32
32 690 446 210 86
33 84 273 136 62
34 340 503 246 99
35 346.5 398 213 88
36 267.5 243 109 40
37 743.5 129 55 30
