1 519 301 106 84
2 590 239 72 62
3 685.5 190 67 48
4 736 162 50 34
5 776 145 44 30
6 427 285 102 69
7 508.5 235 81 50
8 601 186 64 43
9 656.5 164 53 34
10 722 155 54 33
11 203.5 382 135 100
12 414.5 256 215 127
13 601 162 58 34
14 443.5 197 79 38
15 499.5 171 69 35
16 553.5 149 53 30
17 592 134 48 27
18 363 220 90 38
19 236.5 225 101 42
20 351 196 78 38
21 430.5 181 73 40
22 484.5 153 61 34
23 543 132 44 28
24 497.5 129 49 24
31 663 145 60 31
33 85.5 266 135 55
34 919.5 472 83 90
35 791.5 396 205 93
36 269.5 245 105 43
37 720.5 130 53 29
39 483 406 186 81
41 785.5 118 65 21
42 112 296 138 57
43 382.5 165 75 31
44 805 127 58 22
