1 499.5 315 107 87
2 578 247 76 62
3 680.5 194 67 51
4 736.5 164 55 35
5 776 147 46 31
6 389 314 108 78
7 489 248 82 54
8 598 187 62 42
9 654 163 52 31
10 712 149 56 30
11 69.5 532 137 147
12 358.5 287 251 146
13 584.5 167 61 35
14 450 194 80 37
15 503.5 166 59 33
16 553 150 60 32
17 592 131 48 24
18 375.5 222 97 43
19 234.5 222 95 40
20 354.5 196 89 39
21 431.5 175 77 36
22 485.5 148 55 30
23 545 130 46 25
24 501 133 44 26
31 657 146 60 31
33 84.5 270 137 58
35 855.5 395 211 92
36 275.5 250 111 48
37 721.5 132 55 32
39 548 401 182 76
41 784.5 119 61 22
42 118.5 295 135 56
43 428 150 62 28
44 804.5 127 53 21
45 125.5 226 121 37
