1 532 290 100 79
2 600 230 68 58
3 691 188 66 48
4 740 162 48 35
5 776 145 46 31
6 457.5 269 93 66
7 532 226 76 48
8 599.5 187 67 47
9 656.5 164 51 34
10 713 151 52 34
11 334 282 112 68
12 463.5 229 195 113
13 601.5 160 57 34
14 444 190 86 38
15 514 168 80 34
16 553.5 145 55 28
17 592 134 46 25
18 363.5 211 85 40
19 235.5 226 101 44
20 349 195 82 38
21 431.5 182 79 40
22 494 157 76 39
23 546.5 135 59 30
24 498.5 132 47 26
25 921 397 80 76
31 663.5 149 63 36
33 84 274 134 62
34 658.5 494 239 101
35 739 398 204 97
36 271.5 249 105 50
37 720.5 128 53 27
39 403 406 188 81
40 458 541 280 57
42 24.5 316 47 42
