1 533.5 290 97 82
2 600 228 72 59
3 691 186 64 49
4 738.5 161 51 37
5 777.5 142 47 30
6 455.5 268 91 69
7 533 221 76 47
8 600.5 185 67 45
9 657.5 162 55 36
10 711.5 145 53 31
11 335 273 110 58
12 463 228 194 113
13 602.5 158 57 35
14 403.5 201 63 34
15 518 163 62 34
16 556.5 143 53 28
17 591 130 50 27
18 205.5 250 115 49
19 235.5 216 99 38
20 345.5 193 71 40
21 431.5 168 65 33
22 483.5 148 61 35
23 545 131 56 31
24 396.5 153 69 29
25 473.5 411 197 79
26 773 479 204 92
27 917.5 410 87 80
30 419.5 502 241 100
31 703.5 131 63 27
32 76 422 150 75
33 20 280 38 45
