1 533 290 98 82
2 601.5 228 71 60
3 691 188 64 51
4 738 161 50 36
5 778.5 142 47 30
6 457 268 94 69
7 536 222 76 49
8 600.5 186 67 47
9 658 162 54 35
10 712 145 52 30
11 334 274 110 59
12 464 230 194 116
13 602 160 56 36
14 401 200 62 34
15 519 164 64 33
16 555 142 54 27
17 591.5 133 51 29
18 195.5 249 117 49
19 236 216 98 37
20 346 192 70 39
21 432 166 62 32
22 482.5 147 59 34
23 546 130 56 31
24 388.5 156 71 31
25 447.5 412 197 80
26 751 480 208 92
27 906 413 110 83
30 393.5 502 237 100
31 710 130 62 27
32 64.5 422 127 76
33 16 281 30 45
