1 531 292 98 80
2 594 239 74 63
3 690 187 64 46
4 736.5 165 51 35
5 775 144 46 28
6 453.5 272 101 69
7 531 224 76 46
8 600 188 70 45
9 659 166 56 36
10 711.5 149 53 31
11 326.5 287 115 67
12 462.5 231 193 113
13 600.5 161 55 34
14 448 192 80 39
15 505.5 170 69 33
16 553.5 147 59 29
17 592 138 46 29
18 367.5 212 93 41
19 235.5 224 101 42
20 346 194 78 37
21 428.5 180 77 39
22 487 154 72 35
23 549.5 136 55 31
24 499.5 133 45 27
25 922 401 78 79
31 662.5 147 61 33
33 83.5 264 135 51
34 809 482 240 93
35 743 396 208 93
36 271 249 110 48
37 720 131 56 30
39 460.5 407 187 81
40 894 541 134 50
41 778 123 56 24
42 69.5 309 137 57
43 120.5 223 111 36
44 817 127 56 23
