1 532.5 293 99 80
2 601 232 72 59
3 689 190 64 49
4 738 163 50 34
5 776 146 48 30
6 457 271 92 66
7 533.5 227 75 47
8 600.5 190 67 47
9 657 167 54 36
10 711 153 54 33
11 337 279 112 60
12 464 231 198 110
13 600 166 54 36
14 443.5 192 77 37
15 510 167 64 31
16 558 149 52 28
17 592.5 137 47 26
18 363 214 86 43
19 235.5 227 101 43
20 343.5 195 71 37
21 422 175 66 35
22 485 154 70 34
23 545.5 135 49 31
24 500.5 134 49 26
25 898.5 395 125 72
31 661 147 62 32
32 910.5 457 101 82
33 83 270 134 56
34 463.5 496 239 93
35 570.5 394 207 89
36 272 247 108 47
37 728.5 133 55 31
38 499.5 541 269 64
39 94.5 409 187 74
