1 532.5 289 97 81
2 602 227 70 60
3 692 186 68 49
4 739.5 160 49 36
5 781 139 48 29
6 458.5 263 97 62
7 532.5 224 77 51
8 601.5 185 69 45
9 657.5 162 49 36
10 711 146 48 31
11 335 274 110 60
12 465 228 194 114
13 602.5 159 57 36
14 276 242 102 47
15 503.5 160 65 36
16 557 140 50 26
17 591.5 131 49 27
18 123 262 120 47
19 237 225 100 46
20 341.5 191 69 37
21 430 168 68 37
22 482.5 152 65 39
23 542 134 56 34
24 253 187 86 34
25 97 415 192 80
26 347 515 224 97
27 639 416 202 85
28 898 489 126 95
30 71 495 140 93
