2 240.5 541 145 67
3 555 283 98 76
4 661 204 62 43
5 747.5 159 55 34
8 209 470 162 135
9 555 220 70 45
10 639.5 178 61 37
13 258 329 116 74
14 443.5 187 75 35
15 500.5 167 65 32
16 553.5 154 57 32
17 593 137 54 24
18 363.5 216 89 43
19 236.5 226 101 39
20 346.5 199 77 38
21 430.5 175 67 35
22 485.5 151 57 30
23 547.5 138 53 29
24 501 133 50 24
31 468.5 220 87 48
33 85 270 134 56
36 271.5 252 107 48
37 609 161 64 38
39 782.5 401 181 74
41 717 134 56 27
42 124.5 300 141 58
43 439 152 56 29
44 760 142 56 27
45 357.5 175 73 29
