1 532 294 100 83
2 598.5 234 69 62
3 691 189 66 48
4 737 162 52 34
5 776.5 145 47 29
6 457.5 274 97 72
7 531.5 227 75 50
8 600.5 189 67 47
9 657 165 54 35
10 712 148 54 29
11 335.5 277 111 62
12 462 229 190 112
13 600.5 163 55 36
14 447.5 191 83 40
15 510.5 172 73 37
16 554 146 56 28
17 591.5 137 47 28
18 366 212 88 42
19 236.5 227 101 44
20 351 195 82 39
21 430.5 180 79 40
22 487.5 154 73 36
23 546.5 130 49 28
24 497.5 132 45 27
25 921 397 80 75
31 662 146 60 33
33 83.5 267 133 56
34 700 491 238 98
35 743 396 206 95
36 271.5 247 105 48
37 721.5 134 55 32
39 430 406 190 81
40 607.5 541 279 52
42 39.5 312 77 49
