1 535 288 92 79
2 605 229 70 60
3 690.5 187 63 47
4 738 159 54 35
5 781.5 143 49 32
6 459.5 266 95 67
7 534 223 78 50
8 603.5 187 63 48
9 659 160 50 35
10 713.5 147 53 33
11 338 274 112 59
12 463.5 232 191 117
13 601 161 58 37
14 296.5 233 99 42
15 516.5 159 63 36
16 554 142 50 27
17 591 134 48 27
18 127.5 262 125 47
19 235.5 222 99 44
20 342.5 192 67 38
21 424 171 70 37
22 486.5 149 63 34
23 543 134 58 35
24 271 186 88 36
25 129 415 196 75
26 396.5 512 229 94
27 678 420 198 85
28 917 484 88 94
30 94.5 499 187 93
