2 235 541 138 57
3 553 285 98 78
4 658.5 205 61 43
5 747.5 160 55 34
8 199.5 481 165 141
9 553.5 222 71 46
10 637.5 180 61 38
13 252.5 332 117 75
14 443.5 189 75 36
15 500.5 167 65 32
16 553 154 56 32
17 592.5 139 53 26
18 364.5 215 89 42
19 236.5 227 101 40
20 346.5 199 77 38
21 431 175 66 34
22 484.5 151 57 30
23 548 136 54 28
24 500 132 50 24
31 465.5 221 87 48
33 85.5 270 133 56
36 271 253 106 49
37 607.5 162 63 38
39 784.5 402 181 75
41 715 134 56 27
42 124 300 140 58
43 439 152 56 29
44 758 142 56 27
45 357.5 174 73 28
