1 532 287 100 75
2 599.5 232 75 60
3 691.5 188 69 46
4 738.5 161 51 32
5 778.5 148 47 32
6 457 271 96 68
7 532 228 74 49
8 600 189 68 48
9 658 166 54 37
10 712.5 153 55 34
11 337 282 116 65
12 462.5 230 195 110
13 601 163 56 36
14 455.5 188 87 38
15 524 166 70 34
16 557.5 148 53 28
17 593.5 138 49 29
18 365.5 210 93 40
19 236.5 226 101 43
20 347.5 195 77 39
21 429 181 80 40
22 488.5 155 73 36
23 546.5 142 53 36
24 496.5 133 47 27
25 920.5 399 81 76
31 664 148 60 34
33 83.5 276 135 65
34 581.5 495 239 99
35 710 395 206 93
36 270 249 106 48
37 722.5 133 55 31
38 912.5 541 97 71
39 314.5 408 193 82
40 198.5 541 279 72
