1 532.5 293 101 82
2 599.5 234 71 62
3 690 187 66 46
4 736.5 162 53 33
5 776 146 48 29
6 457 273 96 72
7 532 228 78 51
8 600 189 66 48
9 656.5 167 53 37
10 711.5 148 53 30
11 335 277 112 62
12 462.5 230 193 114
13 600.5 162 53 35
14 447 189 82 38
15 512.5 168 69 34
16 554.5 145 53 27
17 591 137 46 28
18 364 212 86 42
19 236.5 228 103 45
20 352 199 86 42
21 432.5 181 79 41
22 488.5 156 75 38
23 545.5 132 53 30
24 498 132 44 27
25 921 397 80 75
31 661 147 60 34
33 84 268 134 55
34 706.5 492 235 99
35 744 394 206 93
36 271 248 106 49
37 721.5 134 55 32
39 433.5 407 189 81
40 630.5 541 275 52
42 41 308 80 45
