1 531.5 294 101 80
2 597 239 72 65
3 689.5 188 69 46
4 737.5 163 51 33
5 777 146 48 30
6 456.5 270 93 66
7 531.5 227 75 48
8 599 186 68 43
9 657 167 52 36
10 711.5 150 55 32
11 332.5 286 113 68
12 464.5 232 193 111
13 602.5 163 59 35
14 456.5 188 79 39
15 519 168 68 35
16 555.5 148 51 29
17 590.5 134 49 24
18 374.5 214 107 44
19 236 229 100 46
20 353.5 195 87 38
21 430.5 179 79 38
22 486 154 76 35
23 544 133 54 27
24 499 134 50 28
25 922 399 78 76
31 663 145 62 31
33 85 265 134 53
34 762.5 486 235 94
35 745.5 397 203 95
36 269 248 108 48
37 721 133 54 32
39 455 406 186 80
40 811.5 541 271 49
41 782 127 58 30
42 56 308 110 49
43 40.5 249 79 44
