3 370.5 477 163 152
4 552.5 288 83 65
5 685 189 62 37
9 411 315 106 71
10 536 231 78 49
14 442 191 70 34
15 500.5 169 63 31
16 553 154 58 31
17 592 140 46 27
18 363 216 88 40
19 237.5 227 99 39
20 346 201 78 40
21 432.5 176 65 32
22 485.5 155 57 32
23 546.5 138 49 31
24 499 134 46 26
31 215 367 142 91
33 84 273 134 56
36 271.5 254 105 47
37 486 209 76 51
39 898.5 399 125 73
41 621.5 159 57 34
42 121.5 300 135 57
43 440 150 54 25
44 669 171 62 34
45 365 173 72 29
46 748 134 54 27
47 823.5 127 49 24
