1 533 290 98 79
2 602.5 228 69 56
3 692 187 64 47
4 739 160 50 33
5 778.5 144 47 29
6 458 272 94 69
7 533 223 72 46
8 599.5 186 65 43
9 658 161 52 32
10 712.5 147 53 31
11 337 279 114 61
12 462.5 230 191 112
13 601.5 163 59 37
14 447 185 60 32
15 502 170 68 32
16 552.5 147 57 28
17 592.5 132 45 24
18 336.5 219 87 41
19 236.5 228 101 46
20 347 194 74 38
21 426 175 70 37
22 488.5 148 59 30
23 543.5 134 55 29
24 469.5 142 51 29
25 756.5 399 189 73
26 938 441 46 74
30 752 507 244 98
31 663.5 143 61 31
32 372.5 433 201 83
33 63 269 124 52
34 117.5 505 233 97
35 92.5 403 183 86
36 65 308 128 53
