1 527 294 102 81
2 592.5 237 71 62
3 686 188 66 47
4 737 163 56 36
5 777.5 145 47 30
6 438.5 281 99 71
7 519.5 229 77 48
8 598.5 186 65 44
9 655.5 165 53 36
10 712 150 56 33
11 261.5 328 129 76
12 440 242 202 122
13 600.5 162 55 34
14 443 191 74 34
15 503.5 171 67 34
16 555 147 54 28
17 592 133 44 25
18 366 214 88 39
19 235.5 223 101 42
20 350.5 197 85 39
21 425.5 174 77 36
22 484 154 76 36
23 545.5 121 45 18
24 499.5 122 41 18
25 940 388 42 59
31 662.5 145 63 31
33 83.5 264 137 52
34 891.5 478 139 96
35 761.5 396 205 94
36 270 249 108 49
37 719 128 56 28
39 463 405 190 80
41 784 119 62 21
42 102.5 297 141 56
43 322 176 82 29
44 804 128 62 23
