1 532.5 291 97 80
2 600 232 72 62
3 690.5 184 65 43
4 739 161 50 34
5 778.5 147 45 32
6 457.5 269 95 66
7 533 227 74 50
8 600.5 187 67 45
9 656.5 164 53 34
10 712.5 151 55 33
11 335.5 279 113 64
12 462.5 231 193 113
13 602.5 161 61 34
14 456.5 186 87 36
15 526 160 64 29
16 553 147 56 28
17 591 137 48 29
18 367 210 94 40
19 236 226 100 44
20 344.5 196 73 39
21 431.5 176 77 36
22 488.5 153 73 33
23 546.5 132 53 29
24 500.5 135 53 29
25 921.5 399 79 76
31 663 144 60 31
33 85 271 136 59
34 604.5 497 239 102
35 722.5 395 209 93
36 272 250 108 48
37 721 135 54 34
39 349 406 190 79
40 277.5 541 285 69
