1 531.5 295 97 83
2 601 230 72 57
3 691.5 188 67 46
4 739 162 50 33
5 777 148 44 32
6 458 269 96 66
7 533.5 226 75 46
8 599.5 188 65 44
9 657.5 165 53 33
10 713 151 52 32
11 336.5 283 113 68
12 463 233 196 114
13 601.5 167 59 39
14 456.5 190 89 43
15 523.5 170 75 39
16 553 150 60 29
17 593 136 50 26
18 367.5 213 89 40
19 234 226 102 43
20 347 195 74 38
21 435 177 78 36
22 488.5 156 75 35
23 547 135 54 30
24 500.5 131 49 25
25 919 399 84 75
31 662 147 60 33
33 83.5 270 137 55
34 558 500 242 101
35 693.5 393 207 91
36 271.5 247 103 46
37 721.5 128 55 29
38 868 541 186 68
39 275.5 406 195 76
40 131 541 260 80
