1 492 322 108 88
2 572 253 76 65
3 678 194 68 50
4 735 162 52 33
5 776.5 144 47 29
6 365 331 114 85
7 481 251 86 53
8 593.5 191 65 45
9 653 166 52 34
10 712.5 149 51 31
11 44.5 541 87 102
12 339.5 299 261 156
13 579.5 168 63 33
14 439 187 82 33
15 501 164 64 30
16 554 150 58 31
17 592 134 48 26
18 367.5 225 97 45
19 238 225 104 40
20 346.5 199 87 41
21 424.5 174 71 32
22 486 148 58 30
23 547.5 132 53 28
24 500 129 52 23
31 653.5 146 61 29
33 84.5 267 135 55
35 862.5 397 197 93
36 273.5 254 107 46
37 719.5 130 55 29
39 568 407 186 83
41 784 118 60 21
42 118.5 294 141 54
43 433.5 153 63 29
44 804.5 128 61 21
45 163 221 100 38
