1 250.5 541 175 108
2 450.5 372 117 107
3 631 227 80 58
4 704 177 56 36
5 767.5 150 49 33
7 188.5 488 163 134
8 457.5 272 97 73
9 619.5 183 59 38
10 687.5 156 59 31
12 107 470 212 229
13 436.5 229 83 48
14 443.5 187 71 36
15 500 168 64 34
16 551 152 56 30
17 590.5 137 49 27
18 365.5 217 91 43
19 236 232 100 48
20 344.5 197 79 37
21 429.5 176 69 35
22 485.5 149 59 28
23 545.5 134 53 27
24 500 132 52 24
31 570.5 175 69 38
33 84 271 134 56
35 920.5 396 81 91
36 271.5 250 109 46
37 664.5 143 57 32
39 695.5 406 185 83
41 767 125 60 23
42 106 305 158 65
43 439 147 60 26
44 802.5 134 49 26
45 340 182 84 33
