1 530 293 98 81
2 600.5 230 69 60
3 689.5 186 67 47
4 738.5 160 49 33
5 775.5 144 49 28
6 457 269 98 67
7 531.5 227 77 50
8 601 187 68 45
9 656 166 54 37
10 712 155 56 38
11 335.5 282 113 68
12 463.5 231 193 113
13 602 163 58 36
14 449 187 86 38
15 515 169 74 32
16 555.5 147 59 30
17 590.5 136 49 27
18 370.5 213 101 43
19 235 225 100 42
20 345.5 195 77 39
21 433 179 78 39
22 489.5 158 75 40
23 546.5 130 57 27
24 503.5 133 49 28
25 922 395 78 74
31 663 148 62 34
33 85.5 269 133 58
34 673.5 491 239 98
35 741 398 206 96
36 272 247 106 47
37 719.5 129 55 29
39 414.5 407 187 83
40 513.5 541 283 55
42 31 313 60 44
