3 318 527 188 171
4 527 310 90 72
5 672 200 64 43
9 371 340 112 78
10 516.5 241 79 50
14 441 192 72 35
15 499 170 64 33
16 554 153 56 29
17 593.5 140 49 27
18 365 217 90 40
19 236.5 230 101 42
20 345.5 202 77 38
21 431.5 175 67 30
22 486.5 155 57 31
23 546.5 138 51 30
24 499.5 134 51 25
31 141.5 418 161 109
33 84 273 134 56
36 271.5 250 103 42
37 458 223 78 54
39 909.5 400 103 73
41 605.5 163 57 34
42 124 299 138 55
43 440 151 56 26
44 651.5 179 63 37
45 366.5 172 71 27
46 736 136 54 27
47 814.5 130 49 28
