1 218 541 130 53
2 428.5 402 121 120
3 619.5 232 81 58
4 701 180 58 37
5 766 150 50 30
7 122 541 196 147
8 433.5 285 101 73
9 612 188 58 38
10 682.5 160 59 32
12 87 467 172 209
13 412 241 86 51
14 443 190 74 39
15 499.5 168 65 33
16 553 151 58 29
17 591 138 48 28
18 366.5 213 91 39
19 236.5 230 103 44
20 347.5 201 79 39
21 429.5 175 67 33
22 486.5 150 59 30
23 545 134 52 27
24 499 133 48 27
31 554.5 179 71 38
33 85 275 134 61
35 925 394 72 90
36 270.5 252 109 49
37 656.5 146 59 33
39 707 402 182 77
41 762 127 56 25
42 119 297 150 58
43 438.5 150 59 28
44 797 129 52 21
45 343.5 182 81 35
