1 416.5 407 129 123
2 532.5 287 93 78
3 664 205 74 53
4 723.5 167 55 32
5 774 146 54 29
6 206 516 166 152
7 390.5 312 109 73
8 549.5 214 79 50
9 644 173 56 38
10 706.5 154 57 33
12 200 391 338 214
13 527.5 188 73 39
14 443.5 192 77 41
15 500.5 167 67 32
16 552 152 58 33
17 591.5 137 53 27
18 360 214 102 45
19 238.5 226 103 40
20 345 197 80 38
21 429.5 176 67 36
22 485 149 58 29
23 547.5 133 55 29
24 500 130 52 22
31 619 156 68 32
33 83.5 274 127 59
35 887 396 148 92
36 263.5 263 125 54
37 704.5 134 57 29
39 636.5 404 187 80
41 781 121 62 23
42 113.5 301 129 63
43 440.5 146 63 24
44 800 130 62 23
45 276.5 194 81 34
