3 533 306 108 85
4 645 215 64 46
5 738.5 164 53 35
8 101.5 541 201 139
9 535 233 76 49
10 622 187 64 40
13 196 373 132 91
14 443.5 191 73 36
15 500 168 64 31
16 552.5 150 53 28
17 591 139 48 26
18 364.5 217 89 42
19 236.5 229 101 42
20 348 200 78 38
21 429.5 177 67 34
22 485 151 58 29
23 544 137 48 29
24 498 134 50 24
31 432.5 238 89 54
33 83 275 134 59
36 270.5 251 107 45
37 590.5 167 61 40
39 807.5 403 183 79
41 699.5 137 57 27
42 122.5 300 137 58
43 441 151 58 27
44 744.5 143 55 25
45 361 175 76 31
46 809 128 58 28
