1 532.5 289 97 77
2 599.5 230 71 59
3 691.5 186 65 46
4 738.5 162 49 34
5 776.5 145 43 30
6 457 269 94 67
7 532.5 225 73 47
8 600 188 66 44
9 655.5 164 51 34
10 712 147 52 29
11 335 280 114 64
12 462 231 194 110
13 602 164 56 36
14 446 186 80 33
15 506 172 74 34
16 549.5 147 63 28
17 589 135 50 26
18 364.5 210 89 36
19 238 227 102 44
20 348 196 78 39
21 423 175 74 34
22 476.5 149 67 32
23 546.5 129 53 24
24 497.5 130 47 24
25 874.5 397 173 73
31 662.5 148 59 33
32 728.5 449 209 84
33 84 269 136 55
34 355.5 500 243 95
35 376.5 404 211 96
36 273.5 247 109 44
37 741 129 52 29
38 78.5 541 155 81
