1 351 486 158 152
2 501 317 102 88
3 654 208 74 49
4 716 170 56 34
5 773 147 50 29
6 103.5 541 149 54
7 316 367 126 87
8 515.5 233 85 56
9 636.5 177 59 39
10 699 153 56 30
12 153 456 304 251
13 490.5 204 77 43
14 446 187 78 36
15 500 168 66 33
16 552 150 60 31
17 591 138 48 29
18 364 216 90 44
19 236.5 226 101 40
20 347 198 80 38
21 430 174 66 34
22 485 151 60 31
23 543 133 50 27
24 500.5 132 47 26
31 597.5 162 67 34
33 83.5 270 133 57
35 904 397 114 93
36 261 252 126 50
37 686.5 137 59 30
39 660 404 184 77
41 776.5 124 57 24
42 109 300 142 61
43 440.5 146 61 24
44 800 132 64 24
45 311.5 186 75 33
