1 533 292 98 80
2 600 230 72 58
3 690.5 186 65 46
4 738.5 159 49 31
5 776 144 46 29
6 455 271 92 70
7 533 228 74 50
8 598.5 187 65 45
9 656 163 50 34
10 711.5 151 53 34
11 335 278 112 63
12 461.5 229 193 113
13 600 161 58 35
14 447 192 80 37
15 511 174 72 37
16 555 146 54 28
17 590.5 134 45 25
18 364.5 211 91 42
19 236 223 100 40
20 348.5 193 79 37
21 434.5 181 79 41
22 495 154 76 36
23 546.5 136 55 31
24 500.5 134 49 28
25 922.5 394 77 72
31 664 149 62 36
33 84.5 273 137 62
34 630 492 240 98
35 733.5 394 205 93
36 270 247 108 46
37 721 133 54 31
39 378.5 404 187 77
40 367 541 274 62
