1 534 291 96 79
2 603 230 70 59
3 692.5 185 65 46
4 739 162 52 36
5 777.5 143 45 29
6 458 269 94 65
7 533.5 225 73 47
8 600.5 186 65 45
9 657 165 50 34
10 710.5 147 51 28
11 338 280 110 63
12 463.5 233 193 117
13 601.5 163 57 36
14 447 186 62 32
15 503 170 68 32
16 553.5 147 53 30
17 591 136 48 29
18 350 215 86 39
19 235.5 227 99 45
20 342 190 64 33
21 419.5 178 69 37
22 471.5 154 69 35
23 546.5 130 49 26
24 480 138 52 28
25 791 399 190 74
30 840.5 508 241 99
31 663.5 147 59 33
32 437.5 431 201 80
33 67.5 273 133 58
34 172 505 248 98
35 140.5 402 221 85
36 136.5 289 129 55
