1 475.5 340 109 95
2 560 261 80 68
3 676 198 66 49
4 730.5 163 51 33
5 775.5 147 47 29
6 326 369 120 97
7 464 262 90 56
8 584.5 196 67 47
9 651.5 168 55 35
10 711.5 152 53 33
12 296.5 319 277 162
13 566.5 174 65 35
14 442 189 74 35
15 500 166 62 31
16 554 148 54 28
17 591 134 46 26
18 361.5 226 93 45
19 233.5 228 93 42
20 346.5 205 91 46
21 431 170 62 29
22 486.5 151 57 32
23 547 133 48 27
24 499.5 131 49 24
31 643.5 153 59 34
33 84.5 266 131 52
35 870.5 394 181 91
36 270.5 261 101 45
37 718 131 58 28
39 597 404 182 77
41 781.5 123 53 24
42 117.5 292 125 52
43 437.5 150 61 27
44 802.5 130 59 23
45 214 212 98 38
