1 530.5 295 99 83
2 599.5 229 69 56
3 690 188 64 45
4 741.5 167 53 37
5 777 146 46 29
6 458.5 271 97 66
7 534 227 80 48
8 599.5 190 67 46
9 656.5 164 51 33
10 713.5 152 55 33
11 337 282 112 63
12 463 232 190 110
13 603.5 163 63 35
14 449 195 86 40
15 515.5 170 75 35
16 553.5 151 59 29
17 590 139 46 29
18 366 212 92 39
19 232.5 230 101 45
20 346 198 76 40
21 443 180 96 39
22 493 158 82 37
23 549 138 56 33
24 499.5 141 53 33
25 918 396 86 71
31 662 146 62 32
33 83.5 273 135 58
34 542.5 500 243 102
35 679.5 396 209 94
36 272.5 252 109 51
37 721.5 132 55 32
38 841.5 541 239 67
39 251.5 407 193 75
40 108 541 214 79
