1 486.5 329 107 92
2 569.5 256 77 65
3 677.5 195 67 50
4 733.5 161 51 32
5 776 143 48 29
6 354.5 341 115 88
7 476.5 255 87 56
8 591.5 192 65 45
9 652 167 50 35
10 711.5 148 51 30
12 330.5 305 267 159
13 576.5 169 65 34
14 437 187 84 34
15 500 165 64 30
16 554 150 58 30
17 592 135 48 26
18 365 225 98 45
19 236.5 225 101 40
20 347 200 86 41
21 425 173 72 31
22 486 148 58 29
23 547 130 52 26
24 500 132 52 24
31 652.5 147 61 30
33 84 268 136 54
35 865.5 396 191 92
36 272.5 257 115 46
37 720 130 56 28
39 577 407 184 83
41 785.5 120 63 22
42 119 293 136 52
43 434.5 153 61 29
44 803.5 129 61 22
45 176 218 96 38
