1 532 287 100 81
2 602 225 74 58
3 690.5 182 65 46
4 738.5 156 49 34
5 787 137 50 30
6 459 259 94 61
7 532.5 222 77 49
8 598 183 64 45
9 656 159 52 34
10 711 144 50 31
11 335 269 114 56
12 462 223 190 113
13 604 156 56 36
14 196 267 122 53
15 470.5 167 69 36
16 550 141 56 30
17 591 128 48 27
18 107.5 262 121 47
19 235.5 216 97 40
20 341.5 189 71 37
21 425 168 68 37
22 483.5 147 61 36
23 542.5 127 51 28
24 182.5 206 89 41
25 29 408 56 63
26 169.5 520 231 97
27 500.5 424 207 90
28 795.5 493 213 97
29 917.5 400 87 90
