3 522 315 110 88
4 639.5 219 67 46
5 735.5 164 53 33
8 80.5 541 159 105
9 527.5 238 77 50
10 615.5 191 65 42
13 173 390 140 96
14 445 191 74 36
15 500 169 66 32
16 551.5 150 55 29
17 590.5 141 49 27
18 364.5 218 91 44
19 236.5 228 99 40
20 348 201 78 39
21 431 179 68 36
22 486.5 151 57 29
23 546.5 138 49 29
24 498 135 50 25
31 419.5 246 93 57
33 83 274 138 59
36 272.5 251 107 44
37 583 171 62 41
39 815.5 402 181 77
41 694.5 140 57 29
42 121 297 138 54
43 441.5 150 59 26
44 739.5 144 57 26
45 362.5 174 73 29
46 804.5 128 55 27
