1 478 338 110 95
2 561 260 80 68
3 676.5 197 65 49
4 731.5 163 49 33
5 775 146 48 29
6 334.5 364 119 96
7 467.5 259 93 54
8 585.5 196 65 49
9 651.5 168 55 36
10 712 152 52 33
12 302 312 274 155
13 569 173 64 35
14 444.5 188 71 35
15 500.5 166 61 31
16 553.5 150 53 29
17 592 136 46 28
18 361 224 88 45
19 234.5 228 95 42
20 347.5 202 93 43
21 430 171 64 30
22 486.5 150 55 31
23 549 134 50 28
24 499 131 50 24
31 646.5 153 59 34
33 83 266 130 54
35 869.5 395 183 91
36 269 261 98 47
37 718 132 58 29
39 592.5 405 181 79
41 779.5 121 51 23
42 116.5 293 123 54
43 437 149 62 26
44 802 130 60 22
45 207.5 215 97 40
