1 532 294 100 81
2 600 233 74 60
3 690.5 189 65 48
4 738 164 52 34
5 776.5 147 47 31
6 456.5 269 95 64
7 533 228 76 48
8 600.5 190 65 46
9 657 166 52 35
10 711 154 54 33
11 337.5 279 113 60
12 463 232 196 111
13 601 167 56 38
14 448.5 192 77 37
15 515.5 169 63 32
16 558.5 150 51 29
17 592 137 46 26
18 365.5 215 89 43
19 237 226 102 42
20 342.5 197 69 38
21 426 176 66 34
22 487 153 70 33
23 545 134 48 29
24 498 131 46 24
25 901 395 120 72
31 661 148 62 33
32 917.5 459 87 83
33 84 271 134 57
34 470.5 498 239 95
35 581.5 397 207 91
36 272 248 108 48
37 727.5 132 55 30
38 530.5 541 271 63
39 107.5 409 187 76
