1 535 289 98 79
2 602.5 227 73 59
3 690.5 184 65 47
4 738.5 158 49 32
5 777 142 48 30
6 457.5 269 93 70
7 531.5 223 73 49
8 601 183 66 43
9 657 160 52 33
10 711.5 145 49 32
11 338 277 116 61
12 466.5 229 197 112
13 602 160 58 36
14 436 197 78 38
15 515.5 167 65 33
16 553.5 144 57 29
17 589 132 50 24
18 306.5 230 105 43
19 235 222 98 39
20 344.5 192 69 38
21 421.5 172 69 33
22 484.5 150 65 32
23 544.5 132 55 29
24 447 141 48 28
25 687 400 190 74
26 903 454 116 91
30 637.5 504 239 99
31 671 137 58 27
32 263.5 425 199 75
33 48.5 277 95 55
34 68 503 134 94
35 42.5 402 83 86
