3 241.5 541 195 114
4 483 349 106 83
5 647.5 211 69 45
9 303 396 130 99
10 482 265 92 60
14 442 193 72 37
15 498 173 66 34
16 554 154 58 30
17 590.5 136 49 22
18 364.5 221 87 44
19 234 227 104 39
20 346.5 199 79 36
21 430.5 175 69 32
22 484.5 153 61 31
23 543.5 138 51 29
24 498.5 132 47 21
31 63.5 501 125 130
33 84 269 130 52
36 269 257 108 50
37 413 243 90 62
39 928.5 405 65 80
41 583.5 173 61 36
42 120.5 297 135 55
43 442 152 62 26
44 621 192 66 42
45 366.5 173 71 28
46 715.5 139 53 28
47 795 136 46 31
