1 533.5 290 97 78
2 601.5 231 73 60
3 690.5 185 63 45
4 737.5 160 51 33
5 777 143 46 29
6 457.5 267 95 64
7 533 223 74 44
8 600.5 185 67 42
9 656.5 163 51 33
10 710.5 143 51 25
11 336 278 108 63
12 462.5 232 193 116
13 601.5 165 59 39
14 447 187 62 32
15 503 170 68 32
16 551 150 56 32
17 591 135 48 27
18 351.5 211 81 35
19 235.5 228 101 45
20 342 190 64 34
21 421 177 72 37
22 472.5 155 73 35
23 545 130 48 25
24 483 138 52 29
25 802.5 396 191 74
30 862.5 506 197 97
31 662.5 147 59 33
32 465 434 198 81
33 69.5 272 137 59
34 197.5 503 247 97
35 166 403 220 87
36 166 280 128 54
