1 523 299 104 82
2 591.5 235 75 58
3 688 189 66 47
4 737.5 162 49 34
5 776 144 46 29
6 432.5 282 101 70
7 515 234 78 51
8 600.5 187 67 44
9 655 165 54 34
10 712.5 148 53 29
11 234 351 128 86
12 428.5 250 209 123
13 600.5 161 55 33
14 443.5 197 85 37
15 502 173 68 33
16 554 147 50 29
17 591.5 134 47 26
18 367 217 92 40
19 235 224 100 41
20 351 197 86 39
21 433.5 179 79 40
22 486.5 150 57 31
23 543 129 44 26
24 496.5 127 47 22
31 662.5 144 61 30
33 83 267 134 56
34 904.5 478 113 95
35 774.5 395 211 91
36 270 247 108 46
37 720.5 128 57 28
39 472 404 188 78
41 784.5 118 65 20
42 107 296 138 56
43 357.5 172 79 32
44 801 128 60 23
