1 502.5 312 107 87
2 580 247 74 64
3 682.5 194 67 49
4 737.5 164 55 36
5 776.5 144 45 27
6 396 305 106 73
7 492.5 246 81 54
8 598 189 64 46
9 654 163 48 32
10 711.5 149 53 30
11 86.5 507 171 145
12 369.5 282 241 140
13 589.5 165 59 33
14 447.5 196 91 40
15 501.5 164 59 31
16 553 148 56 30
17 591 132 50 23
18 373.5 221 103 41
19 235.5 223 97 40
20 355.5 193 85 35
21 428 174 74 36
22 486 147 56 29
23 544.5 133 49 29
24 498.5 132 51 25
31 660.5 145 61 29
33 83.5 269 133 57
35 843 396 210 94
36 275.5 247 113 45
37 720 131 56 30
39 539 407 186 81
41 782 120 56 23
42 117 295 138 58
43 423 151 64 27
44 802 128 62 23
45 99.5 229 137 38
