1 372 461 150 143
2 513 306 98 82
3 657 208 72 50
4 718.5 169 55 35
5 774.5 147 51 30
6 132.5 541 167 96
7 340.5 349 119 83
8 526 228 82 56
9 638.5 175 57 39
10 701.5 152 57 31
12 162 443 322 249
13 502 198 74 40
14 444.5 189 77 36
15 500.5 167 67 32
16 552 151 58 32
17 591.5 139 49 29
18 364.5 216 91 42
19 234.5 223 97 38
20 347 197 80 38
21 429.5 175 67 34
22 487 151 62 30
23 545.5 132 53 28
24 500 130 50 24
31 605 161 68 34
33 83 270 136 57
35 899.5 397 123 93
36 259.5 254 127 53
37 692.5 135 61 30
39 653.5 402 183 77
41 779 123 62 24
42 114.5 304 139 65
43 442 148 62 26
44 804 129 58 23
45 301.5 187 77 33
