2 411 424 128 128
3 613 238 84 62
4 696.5 182 57 37
5 765.5 152 53 31
7 89 541 176 115
8 409.5 300 103 77
9 606 191 64 40
10 677.5 163 57 34
12 76 473 150 203
13 397.5 250 91 55
14 443.5 192 75 41
15 500.5 168 63 33
16 552.5 151 59 29
17 592 138 48 28
18 365.5 213 91 38
19 236 231 100 46
20 346 193 76 33
21 429 174 66 32
22 486.5 152 59 31
23 545 135 52 28
24 497.5 132 53 26
31 544.5 186 71 43
33 85 270 134 57
35 931.5 388 59 83
36 271 251 108 48
37 650.5 150 59 36
39 717 404 186 80
41 760 126 60 24
42 121.5 287 145 47
43 442 147 58 26
44 796 129 50 20
45 347.5 178 79 31
