1 532.5 293 99 80
2 600 231 72 59
3 691.5 190 65 47
4 738 164 52 34
5 777 146 46 30
6 459 270 98 67
7 534 229 78 49
8 601.5 190 69 46
9 657.5 168 53 36
10 712.5 151 55 31
11 337 280 114 63
12 464 231 194 111
13 601.5 166 59 37
14 454.5 192 85 37
15 523.5 170 69 33
16 555.5 148 53 26
17 592 137 46 27
18 367 212 96 40
19 236 228 102 42
20 348 197 80 37
21 428 178 74 36
22 490.5 157 73 36
23 544.5 138 53 31
24 498.5 139 53 31
25 908 399 106 77
31 661 149 60 33
33 84.5 273 137 59
34 501 496 240 95
35 627.5 398 207 95
36 272.5 250 109 48
37 725.5 134 55 32
38 668 541 266 63
39 165.5 408 189 75
40 42.5 541 83 78
