1 315 532 170 171
2 485 335 106 95
3 649 217 74 54
4 715 174 56 36
5 773 149 48 31
7 279 400 134 97
8 497.5 245 87 61
9 631.5 179 57 39
10 695.5 157 55 33
12 141.5 468 281 253
13 472 213 78 48
14 443 188 74 37
15 499.5 167 65 34
16 553.5 152 57 33
17 589.5 137 45 28
18 363 214 88 43
19 236 230 100 44
20 347.5 197 77 38
21 430.5 171 67 31
22 485.5 152 61 33
23 546.5 135 55 29
24 500 132 48 26
31 587.5 166 67 36
33 85.5 271 131 57
35 909.5 393 103 89
36 267.5 246 113 47
37 679 142 58 35
39 672.5 406 181 81
41 771.5 125 55 25
42 120.5 295 139 57
43 440 146 62 25
44 804.5 132 55 26
45 320.5 185 75 34
