1 531 292 98 80
2 594.5 237 77 62
3 690 190 66 49
4 738.5 164 51 35
5 776 147 44 31
6 448 273 96 69
7 530 226 78 48
8 601 188 68 46
9 656.5 165 53 34
10 712.5 151 55 33
11 305 297 120 67
12 456.5 234 193 115
13 602 163 58 35
14 447.5 187 85 38
15 507 170 74 36
16 551.5 145 57 27
17 590.5 137 49 28
18 366 212 90 42
19 236 225 100 42
20 343 195 70 38
21 427 177 74 37
22 482 157 72 38
23 543 131 48 28
24 497.5 135 49 28
25 926.5 396 69 72
31 661.5 143 59 29
33 83 264 136 52
34 857.5 480 207 93
35 746 399 210 97
36 270 246 106 46
37 720.5 128 57 28
39 459.5 405 189 81
41 783.5 119 63 21
42 90 302 144 57
43 232.5 202 97 37
44 811 126 56 21
