1 533 290 98 77
2 600.5 231 73 60
3 691.5 186 65 45
4 738.5 162 49 34
5 777.5 145 43 30
6 458 271 96 69
7 532 226 78 49
8 600.5 188 69 44
9 655.5 163 49 32
10 712 149 52 31
11 336.5 281 113 65
12 463.5 235 195 116
13 600 164 56 36
14 454 194 80 38
15 519.5 170 65 32
16 553.5 146 55 26
17 590.5 137 47 26
18 365.5 211 91 38
19 237.5 228 101 44
20 347 198 78 40
21 424.5 177 69 36
22 473 155 70 37
23 543.5 135 57 31
24 497 133 48 25
25 877.5 394 167 70
31 662.5 149 59 35
32 767.5 452 213 84
33 85 272 136 58
34 374 501 238 97
35 407.5 400 209 92
36 272 248 106 49
37 737 128 54 29
38 112.5 541 223 76
