3 227.5 541 173 89
4 468.5 363 109 87
5 641.5 216 69 46
9 281 414 138 106
10 472 271 94 61
14 442 191 70 36
15 499 172 64 33
16 553 154 58 30
17 591 139 50 25
18 365 220 92 42
19 235.5 232 101 44
20 347.5 199 77 37
21 430 175 66 30
22 484.5 152 57 29
23 544.5 137 49 29
24 496 132 50 22
31 43 503 84 108
33 83.5 272 133 55
36 266.5 253 103 45
37 396 255 92 69
39 934.5 403 53 75
41 573.5 178 65 40
42 120.5 298 135 55
43 443 151 64 26
44 612 194 68 40
45 366 171 68 26
46 708 141 52 29
47 791 135 48 30
