3 463 371 126 108
4 603 246 72 53
5 714.5 175 59 36
9 482.5 265 91 56
10 580 209 72 45
13 61.5 489 121 120
14 443.5 194 75 38
15 501.5 170 65 33
16 551.5 154 57 31
17 591.5 139 49 26
18 366 219 94 44
19 237 227 102 39
20 346.5 203 77 39
21 429 174 66 31
22 486.5 152 59 30
23 545 135 46 27
24 500.5 132 51 23
31 341.5 290 113 68
33 85.5 273 135 56
36 270.5 252 105 48
37 544 183 70 42
39 868 400 186 72
41 659.5 146 59 30
42 123 296 136 53
43 440 150 60 25
44 709 155 56 31
45 363.5 172 71 28
46 779 129 52 27
