3 476 358 122 102
4 610.5 241 71 52
5 719 173 58 36
9 491.5 257 87 53
10 588.5 204 71 43
13 75 471 148 118
14 443.5 191 73 35
15 502 170 64 32
16 553 153 58 30
17 591.5 139 49 27
18 366 220 92 45
19 238 229 102 41
20 348 199 78 36
21 430 174 64 30
22 487.5 152 61 30
23 544.5 135 47 26
24 499.5 131 49 22
31 358.5 279 107 64
33 86.5 273 137 56
36 269 251 106 46
37 553 182 66 42
39 863 401 196 74
41 666 146 58 30
42 122.5 293 139 50
43 442 151 60 26
44 715.5 155 57 32
45 364.5 172 73 27
46 784.5 128 53 27
