1 531.5 294 99 81
2 595 236 74 60
3 690 188 68 47
4 737.5 162 51 33
5 776.5 144 47 28
6 453.5 270 93 67
7 533 227 74 48
8 600 186 70 42
9 656 164 52 33
10 711.5 152 55 33
11 332 282 112 64
12 462 234 192 113
13 602 161 58 32
14 446 189 82 38
15 513 171 74 36
16 553 147 60 28
17 590 136 48 26
18 367.5 212 95 42
19 235.5 225 101 41
20 348 196 80 38
21 423.5 177 75 36
22 489.5 157 77 38
23 546 132 52 27
24 497 133 48 27
25 921.5 397 79 74
31 663 145 60 29
33 84.5 262 135 49
34 786 486 240 95
35 744 395 204 91
36 268.5 251 107 48
37 719.5 132 55 30
39 457 407 184 81
40 855 541 212 51
41 780 126 54 27
42 61 307 120 53
43 71 243 114 44
44 821.5 128 57 24
