1 533.5 291 99 81
2 601 228 72 59
3 690 185 66 47
4 739 159 50 33
5 777.5 145 49 32
6 457.5 268 91 67
7 531 224 76 48
8 601 184 68 43
9 657.5 162 53 33
10 711.5 146 51 32
11 338 279 114 62
12 464.5 228 195 112
13 602 162 58 36
14 436.5 196 71 36
15 507 172 66 33
16 554 144 52 28
17 590 134 48 26
18 316.5 226 101 40
19 235.5 223 97 41
20 345 191 72 36
21 423.5 173 71 34
22 487 153 66 35
23 545 132 52 29
24 454.5 143 51 30
25 710.5 401 191 75
26 913 455 96 93
30 667.5 505 243 99
31 668.5 141 59 30
32 294 427 202 77
33 52.5 274 103 53
34 82.5 501 163 92
35 56.5 401 111 86
