1 432 390 126 113
2 540.5 280 89 73
3 667 202 72 51
4 725 167 56 34
5 775.5 148 51 30
6 233 479 152 137
7 406.5 301 105 71
8 557.5 212 75 49
9 645.5 173 53 38
10 708 153 58 32
12 221.5 379 323 208
13 536.5 186 69 40
14 443 189 72 38
15 501 165 66 31
16 551 151 58 32
17 593 136 50 27
18 357.5 216 103 43
19 233.5 224 99 38
20 346.5 198 79 39
21 429.5 178 69 37
22 485 150 60 29
23 545.5 132 53 28
24 498.5 128 53 21
31 623.5 155 65 32
33 83 272 128 57
35 883.5 395 155 91
36 244.5 263 113 51
37 708.5 132 55 28
39 631 404 184 78
41 779.5 124 57 25
42 122 290 124 53
43 439 151 62 30
44 801 127 62 20
45 270.5 197 87 34
