1 532 292 102 79
2 600 231 74 58
3 690 187 66 46
4 738 164 54 34
5 777 146 50 31
6 458.5 270 97 67
7 533.5 228 81 49
8 599.5 189 67 44
9 657.5 165 49 35
10 713 151 54 32
11 336 285 114 70
12 466 231 194 115
13 602.5 166 59 39
14 454 187 76 36
15 520 164 66 31
16 555 150 50 27
17 592.5 136 47 27
18 370.5 211 95 40
19 237 229 100 43
20 345 199 72 42
21 425.5 178 75 38
22 476 153 70 32
23 547 133 48 28
24 495 134 44 26
25 890 395 142 71
31 662.5 148 59 33
32 872.5 457 177 83
33 85 270 134 55
34 427 500 244 100
35 505 395 208 90
36 269.5 254 109 55
37 732.5 131 55 30
38 330.5 541 263 60
39 60.5 412 119 76
