1 532 291 94 79
2 597 235 72 63
3 691 186 66 45
4 739 162 52 34
5 778 145 48 29
6 457.5 266 95 62
7 531.5 229 77 50
8 599.5 189 67 46
9 657 166 52 36
10 712.5 153 55 36
11 337 279 110 64
12 461.5 230 189 112
13 600 163 56 35
14 448.5 193 85 42
15 519.5 168 73 37
16 555 150 56 32
17 592 138 48 29
18 365 214 90 44
19 237 227 100 44
20 348.5 196 81 41
21 430.5 179 81 39
22 488.5 157 73 39
23 545.5 135 53 31
24 499.5 134 47 29
25 921.5 396 79 75
31 663 149 62 36
33 84 266 132 54
34 723 488 238 95
35 744 394 208 91
36 271.5 249 107 47
37 721.5 134 55 33
39 443 407 188 82
40 686 541 276 50
42 46.5 313 91 51
