1 531 292 98 80
2 593.5 238 73 62
3 689 187 64 46
4 737 164 52 34
5 775 144 46 28
6 453 272 100 69
7 531.5 226 75 47
8 600.5 188 69 45
9 658 166 56 35
10 711.5 148 53 30
11 325.5 288 115 67
12 461.5 231 193 113
13 601 160 56 33
14 447.5 193 81 39
15 505.5 172 71 34
16 553.5 147 59 29
17 592 136 46 28
18 367 212 92 41
19 236 224 100 42
20 346 195 76 38
21 431 179 78 39
22 489.5 154 75 35
23 548.5 136 55 31
24 499 133 46 27
25 922.5 401 77 78
31 662.5 147 61 33
33 83.5 263 135 51
34 812 482 240 94
35 743 396 208 93
36 270.5 249 109 49
37 721 130 56 29
39 461 407 188 81
40 899 541 124 50
41 778.5 125 55 26
42 70 309 138 57
43 126 222 110 36
44 816 128 56 24
