1 533 289 96 79
2 602 230 70 61
3 692 188 64 49
4 738 159 50 33
5 778.5 142 45 28
6 460.5 267 99 68
7 534 225 82 50
8 601.5 186 69 44
9 658.5 162 51 36
10 713.5 147 55 31
11 334 276 112 65
12 463 226 194 110
13 603 161 58 36
14 356.5 206 69 36
15 520.5 165 63 36
16 553 144 54 31
17 593.5 134 47 28
18 151 258 120 48
19 236.5 223 99 44
20 344 192 70 37
21 430.5 181 75 42
22 478.5 149 65 35
23 543 134 58 34
24 339.5 172 79 34
25 298.5 416 203 81
26 601.5 497 211 94
27 824 419 196 87
30 234 501 240 98
31 744 127 58 26
