1 506 309 108 86
2 582.5 245 77 64
3 682.5 191 69 48
4 736 162 52 34
5 775.5 144 47 28
6 406.5 302 103 75
7 498.5 244 81 53
8 598.5 188 65 46
9 655 164 50 33
10 712.5 151 55 33
11 114 470 164 132
12 383 276 234 139
13 594 162 58 32
14 446 195 84 39
15 501 163 62 30
16 552.5 148 55 30
17 591 133 50 24
18 367 221 94 41
19 235 223 98 39
20 350.5 196 81 38
21 439 174 76 39
22 488.5 145 53 26
23 548 134 50 28
24 498.5 130 53 23
31 663 143 62 29
33 83.5 269 133 54
35 830 392 212 89
36 272 248 110 45
37 720 128 54 27
39 525 402 184 76
41 780.5 119 53 21
42 118.5 292 137 53
43 415 149 62 24
44 805 128 60 22
45 81.5 235 119 36
