1 512 306 104 85
2 587.5 243 73 64
3 684.5 190 65 45
4 738 160 48 31
5 774.5 142 43 27
6 415.5 294 103 72
7 503 240 78 52
8 599.5 186 61 43
9 656 163 52 33
10 713 149 52 30
11 147.5 440 151 125
12 396 270 230 137
13 597 162 58 34
14 442.5 197 89 38
15 503 162 62 30
16 551 147 50 29
17 590.5 137 49 27
18 363.5 217 89 37
19 237.5 224 105 41
20 349 194 78 38
21 435 176 72 36
22 487 147 56 28
23 546.5 131 49 27
24 497.5 128 51 23
31 662.5 147 61 34
33 84.5 267 135 54
34 940 461 42 70
35 814.5 393 207 91
36 266 246 98 44
37 721 127 54 26
39 510 406 186 81
41 784 118 62 21
42 116.5 295 139 57
43 408.5 153 67 24
44 804.5 127 59 20
45 53 249 104 45
