1 520 298 104 82
2 591 237 76 59
3 687 191 68 49
4 737.5 162 49 33
5 776 144 44 28
6 430 284 100 70
7 513 236 80 52
8 600.5 185 65 43
9 657 166 54 36
10 711.5 149 53 30
11 219 367 132 94
12 421.5 253 211 125
13 601 162 56 34
14 442 196 82 35
15 502 173 68 33
16 554.5 150 53 32
17 592 135 48 27
18 366.5 217 93 38
19 236.5 225 101 42
20 352 195 84 36
21 429.5 181 79 41
22 485.5 151 57 32
23 543 130 44 27
24 497 128 48 23
31 663 143 60 29
33 84.5 266 135 55
34 912.5 477 97 95
35 784 396 208 93
36 268.5 247 103 46
37 720.5 129 55 27
39 478 406 188 80
41 785.5 118 65 21
42 110 296 136 56
43 370.5 167 77 31
44 804 128 58 22
