1 535 292 98 79
2 602.5 229 71 57
3 690.5 189 65 49
4 738.5 163 49 34
5 776 144 48 29
6 457.5 270 95 65
7 532 228 76 50
8 600.5 186 69 45
9 657 164 52 33
10 712 149 52 30
11 335 277 110 57
12 464.5 230 195 110
13 601 163 56 36
14 447 188 64 32
15 504.5 171 69 32
16 548 146 56 25
17 590.5 137 51 27
18 349.5 211 69 36
19 238.5 225 99 41
20 345.5 197 75 41
21 419 179 68 37
22 486 157 70 36
23 547 130 48 26
24 486 137 48 29
25 823.5 398 187 74
30 900.5 506 121 99
31 663 149 60 35
32 511.5 434 199 80
33 83 266 132 56
34 237.5 503 245 96
35 205.5 402 217 89
36 201 267 120 48
37 768.5 129 57 32
