1 533 286 96 78
2 602.5 228 71 61
3 692 181 64 44
4 739 158 48 32
5 777 142 48 30
6 456.5 270 95 68
7 531 220 78 46
8 602 182 66 41
9 657 160 48 32
10 711 146 50 31
11 335 277 112 63
12 464.5 230 195 114
13 601 162 58 38
14 452 185 68 35
15 508.5 164 69 35
16 552 143 56 29
17 591 133 50 27
18 288.5 231 111 39
19 235.5 220 101 39
20 345 193 72 40
21 427.5 168 67 32
22 479 144 52 29
23 545.5 128 51 28
24 439.5 145 59 30
25 650 403 190 74
26 888 457 146 86
30 595.5 501 237 97
31 675 137 60 29
32 220 426 194 75
33 42 273 82 50
34 48.5 504 95 94
35 24 398 46 74
