1 532 291 98 79
2 601.5 230 71 58
3 689 186 64 47
4 739.5 161 47 32
5 776 144 46 30
6 456.5 269 93 67
7 532.5 225 77 48
8 599.5 186 65 44
9 656 164 52 33
10 713.5 148 51 30
11 336 276 110 58
12 463.5 231 193 110
13 601.5 161 55 34
14 442 188 72 32
15 509 167 68 32
16 554.5 145 55 26
17 590 135 46 26
18 363 212 88 40
19 238 227 102 44
20 346.5 195 75 39
21 425 176 72 36
22 481 151 62 34
23 545 132 52 27
24 497 129 46 23
25 872 397 178 73
31 663 146 60 31
32 705 447 210 85
33 84 274 136 62
34 346 502 246 98
35 358.5 399 213 90
36 269.5 243 109 40
37 743 129 54 30
38 56.5 541 111 78
