1 533 289 96 81
2 603 228 70 60
3 691.5 186 65 48
4 738 160 50 36
5 781 140 48 30
6 458.5 265 97 65
7 533 224 78 51
8 602.5 185 67 46
9 658.5 161 49 36
10 711.5 147 49 32
11 336.5 275 111 61
12 464.5 231 193 116
13 601.5 159 57 36
14 287 238 100 45
15 507 159 64 36
16 555.5 141 49 26
17 591 131 48 26
18 125 262 122 46
19 236 224 100 45
20 341.5 191 69 37
21 427.5 169 69 37
22 484.5 151 65 37
23 541.5 135 57 35
24 262.5 186 87 34
25 112 414 196 78
26 372 513 226 95
27 659.5 417 201 85
28 907.5 487 107 95
30 82.5 496 163 93
