3 399.5 442 151 138
4 568 274 82 60
5 693.5 186 61 38
9 432 300 102 69
10 549.5 224 75 47
14 443 190 74 34
15 501 173 66 33
16 553 153 56 30
17 591.5 138 49 25
18 366 218 88 42
19 236 229 100 41
20 346.5 199 77 36
21 430 176 64 32
22 486 155 60 33
23 545.5 135 49 28
24 500 132 46 24
31 253 342 132 83
33 84.5 272 137 55
36 272 252 106 47
37 504.5 200 73 47
39 891 400 140 72
41 632.5 155 59 33
42 120.5 298 135 56
43 438.5 150 53 26
44 680 166 58 32
45 366.5 173 73 29
46 757.5 133 53 27
47 834 127 52 26
