1 528 293 102 80
2 592.5 237 71 62
3 687 188 66 47
4 737 164 58 37
5 776.5 144 47 30
6 439.5 280 99 70
7 521.5 228 77 47
8 598.5 187 65 45
9 655 164 52 36
10 712 150 56 33
11 264.5 326 129 75
12 440.5 242 201 123
13 600 162 54 34
14 443 191 74 34
15 503 171 66 34
16 554.5 147 53 28
17 591.5 133 43 24
18 365.5 214 87 39
19 235 223 100 43
20 350.5 196 85 39
21 421.5 175 77 36
22 481.5 155 79 37
23 545.5 121 45 18
24 500 121 40 17
25 939 389 44 61
31 662.5 145 63 31
33 83 264 138 53
34 889.5 477 143 96
35 760 397 204 95
36 270 248 108 48
37 719.5 129 57 29
39 462.5 406 191 81
41 784 119 62 21
42 103 297 142 56
43 317 178 80 30
44 804.5 128 63 23
