1 532 292 98 80
2 601 232 72 60
3 692.5 186 67 45
4 739.5 160 49 33
5 779.5 148 47 33
6 457.5 270 97 66
7 533.5 227 73 49
8 601.5 187 71 44
9 658 165 54 35
10 712 152 56 33
11 336.5 280 115 63
12 463.5 231 193 112
13 602 160 60 32
14 458 186 90 37
15 521.5 159 59 30
16 556 147 54 29
17 593 136 48 27
18 368 211 94 40
19 236 227 100 44
20 347 195 78 39
21 432 177 78 37
22 490.5 153 73 33
23 546.5 137 51 33
24 499.5 135 49 30
25 920 397 82 76
31 664.5 143 61 31
33 84 271 132 59
34 593 497 240 102
35 715.5 394 209 92
36 271.5 250 109 49
37 721.5 132 53 31
38 930 541 62 64
39 330 408 192 81
40 232.5 541 283 71
