3 444 391 132 118
4 592.5 253 73 55
5 709 177 58 35
9 470 277 94 61
10 571 215 74 48
13 42 496 82 110
14 444 195 74 40
15 498.5 172 63 32
16 552 151 54 28
17 591.5 138 49 26
18 364.5 217 91 40
19 236 228 100 39
20 347 198 78 35
21 431.5 176 67 33
22 487 157 58 33
23 548 136 52 29
24 498.5 136 49 26
31 316.5 307 117 75
33 85 270 134 53
36 271 255 106 49
37 533.5 189 73 45
39 875.5 402 171 75
41 650.5 149 59 32
42 122 299 138 58
43 440 151 56 27
44 701 157 58 30
45 364.5 175 69 30
46 772.5 132 55 29
