1 532 287 98 81
2 601.5 225 75 57
3 691 185 66 49
4 739.5 160 53 36
5 786 139 52 30
6 457 261 94 60
7 533.5 220 77 46
8 601 182 72 45
9 656.5 157 55 31
10 711.5 144 53 30
11 338.5 269 109 55
12 464 224 188 110
13 600.5 160 59 38
14 237.5 254 111 47
15 509 160 62 36
16 557 139 46 26
17 591 129 48 27
18 118 258 120 44
19 235.5 216 101 37
20 342.5 189 65 38
21 432.5 164 59 32
22 485.5 148 65 34
23 548 128 54 30
24 222.5 198 95 39
25 62.5 408 123 75
26 260 518 232 101
27 570 420 208 88
28 862.5 488 197 92
29 946 379 30 66
30 34.5 499 67 85
