1 531.5 291 97 79
2 600 230 72 58
3 691.5 187 65 46
4 736.5 161 51 33
5 776.5 144 45 30
6 456 271 94 68
7 535 225 74 48
8 599.5 187 67 46
9 656.5 164 51 34
10 711.5 148 51 29
11 334.5 280 111 65
12 463 228 192 111
13 601 163 56 37
14 448 189 80 38
15 518 171 76 36
16 554 146 50 29
17 590 134 46 25
18 364.5 211 87 42
19 235.5 223 99 41
20 347 194 78 38
21 431 179 72 38
22 497 152 80 34
23 546.5 134 59 29
24 500.5 134 47 28
25 921.5 397 79 76
31 665 146 64 35
33 84.5 273 135 63
34 639.5 492 241 98
35 736.5 396 207 94
36 270.5 247 109 46
37 720.5 129 51 27
39 389 404 190 78
40 401.5 541 279 60
