1 484 332 108 95
2 566.5 257 77 65
3 679 195 66 49
4 732.5 162 51 33
5 777.5 143 49 29
6 348.5 346 113 89
7 474.5 256 87 56
8 591 192 66 45
9 651 168 50 36
10 711.5 148 53 30
12 325 309 268 159
13 575 170 64 35
14 437 188 84 35
15 500.5 167 65 33
16 553.5 150 57 30
17 592 137 48 27
18 360 227 92 43
19 237 226 102 42
20 346 200 88 41
21 426 172 72 30
22 486.5 149 59 29
23 546 131 50 26
24 499 133 48 24
31 651.5 147 63 30
33 83.5 270 137 55
35 867 395 188 92
36 271.5 260 119 47
37 719 130 56 28
39 582 406 182 82
41 785.5 121 65 24
42 118.5 293 133 52
43 435 151 58 27
44 804.5 131 61 23
45 181 217 92 37
