1 532.5 287 101 81
2 602.5 225 75 58
3 690.5 182 65 45
4 738.5 157 51 34
5 787.5 138 51 30
6 458 260 94 62
7 532.5 222 77 48
8 599 182 66 44
9 656.5 159 53 34
10 711.5 143 51 30
11 334.5 271 113 58
12 461.5 223 189 113
13 602.5 157 57 36
14 204 265 122 52
15 477 166 68 35
16 553 140 52 29
17 591 130 50 28
18 109 262 122 48
19 235.5 216 99 39
20 342.5 190 73 37
21 426.5 169 69 37
22 485 148 64 37
23 544 127 52 28
24 190 203 90 40
25 36.5 410 71 68
26 186.5 520 231 98
27 515.5 422 207 89
28 810.5 492 215 96
29 923 398 76 89
