1 402 425 130 128
2 526 295 94 82
3 662.5 207 71 54
4 721.5 168 53 33
5 773.5 146 49 30
6 172 541 182 148
7 372.5 322 113 73
8 541.5 218 79 50
9 642 176 56 40
10 703 152 56 31
12 177 411 352 224
13 518 190 72 37
14 444.5 189 75 37
15 501.5 168 67 33
16 553.5 149 59 31
17 591 138 52 27
18 361.5 215 95 42
19 236 226 104 42
20 344.5 197 79 38
21 429.5 176 67 35
22 488 149 58 30
23 547.5 132 51 28
24 501 129 52 21
31 613.5 159 67 34
33 84 271 134 57
35 890.5 394 141 91
36 258 258 128 49
37 701 133 58 27
39 642.5 402 183 78
41 777.5 123 57 24
42 122 298 148 56
43 438 150 56 27
44 799.5 131 65 23
45 284 191 74 34
