1 532 293 98 80
2 599 232 72 59
3 691.5 191 65 48
4 737 164 52 34
5 777 147 46 31
6 459.5 270 99 67
7 536 229 78 49
8 601 192 70 49
9 657 168 52 36
10 713.5 151 55 32
11 334.5 281 113 64
12 463.5 231 193 110
13 602 166 60 37
14 450 191 88 38
15 525 171 66 33
16 557 146 50 23
17 591.5 138 45 29
18 364 214 92 42
19 235 228 104 42
20 347 197 80 36
21 426 178 76 36
22 491.5 156 77 34
23 544.5 137 51 30
24 497.5 140 53 32
25 906 400 110 78
31 660.5 147 59 31
32 939.5 455 43 67
33 84 272 138 58
34 494 495 242 94
35 617.5 400 207 97
36 273 251 110 48
37 726.5 133 55 33
38 639 541 266 62
39 149.5 408 189 75
40 32.5 541 63 73
