1 526.5 294 99 80
2 594 239 70 64
3 687 189 66 48
4 736.5 163 53 35
5 775.5 143 47 28
6 442 278 100 69
7 522 229 76 48
8 598 187 66 45
9 656.5 163 55 34
10 711.5 149 55 32
11 273.5 319 125 74
12 444 241 200 120
13 599.5 162 53 35
14 444.5 193 79 36
15 506.5 175 69 37
16 552.5 146 55 28
17 591 136 46 27
18 364.5 215 87 40
19 236.5 225 103 43
20 346.5 193 75 36
21 415 173 70 33
22 479.5 156 75 38
23 547 128 42 23
24 499.5 126 41 21
25 936 389 50 63
31 662 146 62 31
33 83.5 267 137 56
34 885.5 476 151 93
35 755 397 204 96
36 270 246 106 47
37 720.5 130 55 30
39 462 404 190 78
41 784 118 62 21
42 101 297 142 56
43 300.5 183 77 32
44 805.5 128 59 23
