1 361 474 156 147
2 505 312 100 86
3 656 207 74 48
4 716 168 56 33
5 773.5 146 49 28
6 113.5 541 163 71
7 327 357 122 83
8 520 231 84 56
9 637.5 177 59 39
10 699 152 56 29
12 158.5 457 315 253
13 496 201 78 42
14 447 188 80 37
15 500 168 66 33
16 552 150 56 31
17 591 140 48 30
18 365 218 92 45
19 237 224 102 37
20 346.5 198 81 38
21 430 174 66 34
22 484.5 151 61 30
23 541.5 133 49 26
24 500 131 48 25
31 601 160 68 32
33 83 270 134 56
35 903 399 116 95
36 259.5 255 127 52
37 688.5 138 61 31
39 655.5 403 183 76
41 777 125 58 26
42 105 304 146 64
43 441 146 62 24
44 799.5 131 69 23
45 307.5 186 75 32
