1 533 292 98 80
2 600 230 72 58
3 691.5 186 65 46
4 738 160 50 32
5 776 144 46 29
6 455.5 271 93 69
7 534 227 74 49
8 599 187 66 46
9 656 163 50 34
10 711 150 52 32
11 335 279 112 64
12 462.5 229 193 112
13 600.5 161 57 35
14 447 192 80 38
15 514 173 74 37
16 554.5 146 53 28
17 591 134 46 25
18 365 211 90 42
19 236 223 100 40
20 348 194 78 38
21 433.5 181 77 40
22 495.5 153 77 35
23 546 136 56 31
24 501 134 48 28
25 922 396 78 74
31 664.5 148 63 36
33 84 273 136 62
34 633.5 492 241 98
35 735 394 206 93
36 270 247 108 46
37 720.5 131 53 29
39 382 405 188 78
40 378 541 276 61
