1 533.5 291 99 79
2 601 232 74 61
3 691 187 64 47
4 739 160 52 33
5 777 142 46 28
6 458.5 269 93 65
7 533.5 227 75 50
8 599.5 186 69 43
9 656.5 164 53 35
10 714 149 52 30
11 337 282 116 63
12 463 228 194 108
13 602 165 56 37
14 446 189 64 32
15 505.5 171 69 32
16 553 147 58 28
17 590.5 135 49 26
18 360.5 208 85 35
19 236.5 224 101 40
20 346 195 72 38
21 419.5 174 67 33
22 483 152 56 33
23 547.5 133 47 29
24 490 134 50 27
25 834 400 190 76
30 921.5 506 79 97
31 663 150 58 36
32 540 437 200 82
33 85 271 132 56
34 259.5 503 247 96
35 232.5 402 215 89
36 220 264 114 47
37 763.5 127 55 30
