1 533 286 98 79
2 602.5 226 75 58
3 692 185 66 48
4 738 159 54 36
5 786.5 138 51 29
6 458 261 96 60
7 532 219 74 45
8 600.5 179 69 42
9 655.5 158 55 32
10 712 143 54 29
11 336.5 271 107 57
12 463 225 188 113
13 601.5 159 59 37
14 226 255 116 46
15 499 162 64 34
16 555.5 139 51 26
17 591.5 130 49 28
18 115 259 120 45
19 236 213 102 36
20 342.5 190 71 38
21 428.5 166 63 33
22 487.5 148 63 36
23 547.5 128 53 30
24 212 198 96 37
25 53 410 104 75
26 232 518 232 102
27 550 419 206 85
28 851.5 492 219 97
29 937 385 48 75
30 24 492 46 73
