1 531.5 293 101 79
2 596 239 72 65
3 688.5 188 69 46
4 738.5 163 51 33
5 776.5 147 47 31
6 457 269 94 65
7 532 226 74 47
8 599.5 186 67 43
9 658.5 167 53 36
10 711.5 151 55 32
11 332.5 286 115 68
12 465 232 194 113
13 602.5 164 59 36
14 459 187 82 39
15 521 168 70 36
16 555.5 148 51 29
17 590.5 134 49 24
18 375 213 106 43
19 236 229 100 46
20 353.5 195 87 38
21 431 179 80 38
22 485 154 76 35
23 545.5 135 55 29
24 500 135 50 28
25 922 399 78 76
31 663.5 147 63 33
33 84.5 265 133 53
34 756 486 236 94
35 745 397 204 95
36 270 247 108 48
37 721 133 54 32
39 453.5 405 187 79
40 794 541 278 48
41 782 129 58 32
42 54.5 308 107 48
43 34.5 249 67 41
