1 532 287 100 75
2 600 231 76 59
3 690.5 188 69 46
4 738.5 161 51 32
5 777 147 46 31
6 457 271 96 68
7 532 227 74 48
8 600.5 189 67 48
9 658 166 54 36
10 712 153 54 34
11 337 282 116 66
12 463 231 196 111
13 600.5 165 55 38
14 455 188 86 39
15 526 169 74 36
16 556 149 54 28
17 594 138 50 29
18 366 210 92 40
19 235.5 226 101 43
20 348 194 76 38
21 429.5 181 79 39
22 488 156 74 37
23 546 142 54 36
24 496 132 46 26
25 920.5 399 81 76
31 663 149 60 35
33 84.5 277 137 65
34 575 495 240 98
35 706.5 394 205 92
36 269 248 104 47
37 721.5 132 55 30
38 900 541 122 72
39 304 408 194 82
40 177.5 541 277 74
