1 512.5 306 103 85
2 587 243 72 64
3 685 190 64 45
4 738 159 46 30
5 775 142 42 28
6 416.5 293 103 71
7 503.5 240 77 52
8 600.5 186 61 43
9 655.5 163 51 33
10 712.5 149 51 30
11 152 436 150 125
12 398 268 230 136
13 598.5 162 59 34
14 440.5 197 91 37
15 501.5 162 63 30
16 550.5 147 49 29
17 590 138 48 28
18 361 217 88 36
19 238.5 225 107 42
20 348 194 78 38
21 434.5 176 71 36
22 487 146 56 28
23 546 130 48 27
24 496.5 127 51 22
31 661.5 148 61 35
33 85 267 136 54
34 938.5 462 45 72
35 812 393 206 91
36 264 246 94 43
37 721 127 54 26
39 507.5 406 187 82
41 784.5 119 63 22
42 116 297 140 59
43 407 155 68 26
44 803 126 60 19
45 50 251 98 46
