1 533.5 286 99 79
2 602.5 225 75 58
3 692 183 66 46
4 737.5 159 53 36
5 787 138 50 29
6 458 260 96 60
7 532 220 74 46
8 600 179 68 41
9 655.5 158 55 32
10 711.5 143 53 29
11 336 272 108 58
12 463 226 188 114
13 601 158 58 36
14 217 258 118 47
15 492 162 66 33
16 554 140 52 27
17 591 131 50 29
18 112.5 260 121 46
19 235.5 212 101 36
20 342.5 191 73 38
21 427.5 168 65 35
22 487 148 62 36
23 547 127 52 29
24 203 199 94 37
25 46.5 410 91 73
26 213.5 518 231 101
27 535.5 420 205 85
28 833.5 493 213 98
29 931.5 390 59 81
