1 534.5 287 97 77
2 601.5 228 71 61
3 691 183 66 45
4 737.5 159 49 33
5 777.5 142 49 30
6 457.5 269 93 68
7 532 224 70 50
8 602 182 66 42
9 658 160 50 34
10 712 144 48 30
11 335 277 114 63
12 465 228 194 111
13 601 158 56 35
14 438 190 76 33
15 496 163 72 29
16 553.5 144 61 30
17 590 132 52 24
18 299.5 230 107 43
19 233.5 220 97 39
20 342 195 68 42
21 422 175 70 37
22 480 149 64 33
23 545 130 54 29
24 443 143 50 29
25 670.5 401 189 72
26 897 456 128 90
30 618.5 500 237 95
31 672 137 56 28
32 245 427 196 76
33 46.5 276 91 54
34 60 506 118 100
35 34.5 403 67 86
