1 532.5 290 97 82
2 602 227 70 59
3 692 185 64 47
4 739 160 48 33
5 778.5 144 47 32
6 458.5 266 95 66
7 534 222 78 49
8 601.5 184 67 43
9 659 160 54 33
10 711.5 148 53 32
11 336 274 112 60
12 463 229 188 114
13 602.5 160 57 35
14 392 198 64 34
15 514 164 68 33
16 553 142 54 26
17 590 135 50 29
18 182 251 124 46
19 238 216 98 36
20 343 191 68 37
21 435 171 62 36
22 482 150 62 35
23 546 130 56 30
24 375.5 160 69 31
25 408.5 412 195 79
26 716.5 481 209 88
27 891 412 140 83
30 351 500 236 96
31 718.5 132 61 29
32 46 426 90 75
33 12.5 281 23 42
