1 502.5 311 107 87
2 580.5 247 75 64
3 683 193 68 49
4 737 164 54 36
5 776.5 144 45 28
6 398.5 305 105 74
7 494 246 80 54
8 598 189 64 46
9 654 164 48 33
10 712 150 54 31
11 88.5 500 175 142
12 372 281 240 140
13 590.5 163 59 32
14 446 196 90 39
15 501.5 164 61 31
16 553 147 56 29
17 591 132 50 23
18 370.5 221 101 41
19 235.5 223 97 40
20 354 194 84 36
21 431.5 173 75 37
22 486.5 145 55 27
23 545.5 132 49 28
24 497.5 132 51 25
31 660.5 144 61 28
33 84 269 134 56
35 840.5 394 211 92
36 273.5 247 111 44
37 720 130 56 29
39 537 406 186 80
41 781.5 120 55 23
42 118 295 138 57
43 422 151 64 27
44 802.5 128 63 23
45 97 230 132 37
