1 533.5 290 99 80
2 602.5 228 69 56
3 691.5 186 63 46
4 738.5 160 49 33
5 778 144 48 29
6 458.5 272 95 69
7 533.5 224 73 47
8 599.5 187 65 44
9 657 161 52 32
10 712.5 146 53 30
11 337 278 114 61
12 462 230 190 112
13 601.5 163 59 37
14 448 184 60 32
15 502 169 68 32
16 551.5 147 59 29
17 592 133 46 25
18 332 219 86 40
19 236.5 228 101 46
20 346.5 194 73 38
21 427 174 70 37
22 490.5 149 59 31
23 544 133 54 29
24 467 141 50 28
25 750.5 399 189 74
26 935 443 52 78
30 738.5 507 243 99
31 664.5 143 61 31
32 360.5 432 201 82
33 61.5 268 121 50
34 112 506 222 97
35 87 403 172 86
36 58.5 309 115 52
