1 531 292 98 80
2 594.5 238 75 63
3 689.5 190 65 49
4 738 164 50 35
5 776.5 146 43 30
6 448.5 273 95 69
7 530.5 226 77 48
8 601 188 68 46
9 656.5 165 53 34
10 713.5 151 55 33
11 309 296 120 67
12 456.5 234 193 115
13 602 162 58 34
14 447 189 86 38
15 505.5 169 73 35
16 552 145 58 27
17 590.5 137 49 28
18 367 211 94 41
19 236.5 224 101 41
20 342.5 195 69 38
21 428 177 74 37
22 484 157 70 38
23 543 133 50 30
24 497.5 135 47 29
25 926 397 70 73
31 661 144 60 30
33 83 263 136 50
34 854.5 480 213 93
35 745.5 398 211 96
36 270.5 247 105 46
37 720.5 128 57 28
39 460 404 188 80
41 783 119 62 21
42 88 303 144 58
43 222 205 98 38
44 812.5 126 55 21
