3 451.5 382 129 114
4 597 249 72 53
5 711 175 58 34
9 475 273 92 60
10 574.5 212 73 47
13 50 494 98 116
14 443.5 196 75 41
15 500 172 64 33
16 552 152 54 29
17 591.5 137 49 26
18 364 217 92 40
19 236.5 228 101 39
20 347 199 78 36
21 431 176 68 33
22 486.5 155 59 32
23 547.5 136 51 29
24 499.5 136 49 26
31 326.5 300 115 72
33 85.5 270 135 53
36 270.5 255 105 49
37 538 187 72 44
39 873 403 176 75
41 653.5 148 59 32
42 122.5 298 137 57
43 439.5 151 57 27
44 704.5 156 57 30
45 363.5 174 69 29
46 775.5 131 55 28
