1 480.5 335 109 96
2 563 259 78 66
3 678.5 196 65 49
4 732 162 50 33
5 776.5 144 49 29
6 341.5 355 115 92
7 471 257 90 55
8 589 193 66 46
9 651 168 52 36
10 711.5 150 53 31
12 314.5 311 271 157
13 571.5 171 63 35
14 439.5 188 79 35
15 500 167 64 33
16 553.5 149 55 29
17 592.5 137 47 28
18 358.5 226 89 43
19 236.5 227 99 43
20 346 200 90 41
21 427 171 68 30
22 486 150 58 30
23 546.5 133 49 27
24 499 133 48 24
31 649 150 62 32
33 83.5 269 135 55
35 868.5 394 185 91
36 270 261 112 47
37 718.5 131 57 28
39 587.5 405 181 80
41 783 121 60 24
42 118 293 128 53
43 435.5 149 59 26
44 804 131 60 23
45 193.5 215 93 38
