1 532.5 292 95 78
2 601 229 68 57
3 690.5 187 65 46
4 737 162 50 34
5 777.5 145 43 29
6 458 269 94 63
7 532.5 227 77 49
8 599 187 66 44
9 657.5 165 53 34
10 711.5 151 51 32
11 336.5 280 115 62
12 461.5 231 193 112
13 601 166 58 37
14 453 191 82 38
15 518.5 165 61 32
16 555.5 147 53 26
17 591 133 46 24
18 367 211 94 40
19 236.5 229 99 44
20 345.5 197 73 39
21 421 176 70 33
22 479.5 153 67 35
23 545.5 137 53 33
24 498.5 132 45 25
25 884 393 154 70
31 662.5 148 59 33
32 828 458 216 88
33 84.5 271 133 57
34 400 498 242 95
35 456.5 397 209 90
36 270 248 106 47
37 735.5 133 55 33
38 211 541 266 68
39 35.5 411 69 68
