1 224 541 136 60
2 432.5 397 121 118
3 621.5 232 81 58
4 701 179 58 37
5 767 150 50 31
7 132.5 530 189 141
8 436 283 100 73
9 613 186 58 37
10 683.5 158 59 31
12 89.5 468 177 213
13 415.5 238 85 50
14 443 189 74 38
15 500.5 169 65 34
16 553 152 58 30
17 591.5 138 49 27
18 365.5 214 91 40
19 236 231 102 45
20 346.5 200 79 39
21 430 175 68 33
22 486.5 150 59 30
23 544.5 134 51 27
24 499 133 48 26
31 557.5 179 71 38
33 85 274 134 60
35 925 393 72 89
36 270.5 252 109 49
37 658.5 145 59 33
39 705 402 182 78
41 762.5 127 57 25
42 116.5 299 153 60
43 438 149 56 27
44 798 130 52 22
45 342.5 181 81 34
