1 534.5 287 97 78
2 602.5 228 71 61
3 691.5 181 65 44
4 738.5 159 49 33
5 777.5 142 49 30
6 457 269 94 68
7 532 222 74 48
8 602 182 66 41
9 657.5 160 49 33
10 711.5 145 49 30
11 335.5 277 113 63
12 465.5 230 195 113
13 600.5 159 57 36
14 445 187 72 34
15 502.5 164 71 32
16 553.5 143 59 29
17 590.5 133 51 26
18 294.5 230 109 41
19 234.5 220 99 39
20 344 194 70 41
21 425.5 172 69 35
22 480 146 58 31
23 545.5 129 53 28
24 441 145 54 30
25 660 402 190 73
26 892.5 456 137 88
30 607.5 501 237 96
31 674 136 58 28
32 232.5 426 195 75
33 44 274 86 52
34 54.5 505 107 97
35 29.5 400 57 80
