1 376 457 148 142
2 515.5 303 97 80
3 658 207 72 50
4 718 170 54 36
5 775 148 52 31
6 138 541 168 104
7 345 345 118 82
8 527.5 227 81 56
9 639 175 56 39
10 701.5 152 57 31
12 163.5 439 325 248
13 504.5 196 73 39
14 444 190 76 36
15 500.5 166 67 31
16 552.5 151 59 32
17 591.5 139 49 29
18 364.5 215 91 40
19 234 222 96 38
20 346.5 197 79 38
21 430 175 68 34
22 487 152 62 31
23 546 132 54 29
24 499.5 131 51 24
31 605.5 161 67 35
33 83.5 270 137 57
35 898.5 396 125 92
36 259.5 254 127 54
37 693.5 135 61 30
39 652.5 401 183 77
41 781 123 64 24
42 118.5 304 137 65
43 442.5 149 63 27
44 805.5 129 55 23
45 299.5 188 77 34
