1 522 298 104 81
2 591 235 78 57
3 687.5 191 67 48
4 737 162 48 33
5 775.5 144 45 28
6 431.5 283 101 71
7 515.5 236 79 53
8 600 186 66 44
9 657 166 54 36
10 712 146 52 27
11 228.5 358 131 90
12 426 251 210 125
13 600.5 162 55 34
14 443 196 82 35
15 504.5 173 65 32
16 554.5 149 53 31
17 591 135 46 26
18 367.5 216 93 38
19 235.5 225 101 42
20 352 196 88 37
21 432 181 82 41
22 486.5 151 57 32
23 543 129 44 26
24 496.5 127 47 22
31 662 143 60 29
33 83 268 134 56
34 908.5 476 105 94
35 778 395 210 92
36 269.5 247 105 46
37 720.5 128 57 26
39 475.5 404 189 78
41 785 119 64 22
42 108 296 136 56
43 363.5 169 79 31
44 803 128 58 22
