3 256 541 202 130
4 494.5 338 103 79
5 654 208 68 43
9 321 381 126 93
10 491.5 260 89 58
14 442.5 189 75 33
15 499 169 66 30
16 553 153 56 29
17 591 139 48 25
18 364.5 217 87 41
19 235.5 229 103 41
20 348 200 80 37
21 429.5 176 67 32
22 484.5 156 59 32
23 545 136 52 28
24 498.5 134 49 24
31 76 486 150 131
33 84 269 134 53
36 270 254 106 46
37 424 238 88 61
39 922.5 403 77 76
41 588.5 171 61 37
42 120.5 298 137 57
43 442 151 62 26
44 628 188 66 40
45 366 170 68 26
46 720.5 138 53 26
47 798.5 133 47 27
