1 532.5 290 97 78
2 594.5 234 73 60
3 689 187 66 45
4 739 164 50 35
5 775.5 145 45 30
6 458 270 96 66
7 532.5 225 71 46
8 600 186 66 42
9 659 167 54 36
10 713 154 54 35
11 337 279 118 62
12 462.5 235 191 119
13 602 165 58 37
14 454 189 86 40
15 513 166 72 37
16 555 146 56 30
17 591 136 48 26
18 370.5 211 99 43
19 236.5 226 99 43
20 347.5 195 79 39
21 429 177 80 37
22 486.5 154 73 35
23 546.5 137 55 32
24 500 133 50 27
25 921.5 397 79 75
31 664 153 62 40
33 83.5 265 133 53
34 739.5 489 241 96
35 743.5 396 209 93
36 271.5 247 107 47
37 720 131 56 30
39 448 403 188 77
40 743 541 276 49
41 780.5 129 57 31
42 50.5 311 99 51
