1 530.5 293 99 81
2 595 235 72 60
3 688.5 187 65 46
4 737 162 52 33
5 775.5 143 47 27
6 451.5 272 97 70
7 531.5 227 73 48
8 601 188 66 44
9 657 165 56 34
10 711 148 54 30
11 323 291 114 69
12 461 232 192 113
13 601 160 58 32
14 445 195 82 39
15 505 174 74 35
16 552.5 146 59 28
17 592.5 136 47 28
18 366 211 92 40
19 237 224 100 42
20 344 194 72 38
21 434.5 179 79 39
22 494 156 80 37
23 545.5 136 55 31
24 497.5 133 47 27
25 922.5 399 77 76
31 661.5 147 59 33
33 83.5 265 135 53
34 820 483 240 96
35 742 395 208 93
36 270.5 249 109 50
37 720.5 130 55 29
39 460.5 406 189 80
40 909 541 104 49
41 778.5 126 53 28
42 71.5 308 141 58
43 137.5 218 109 35
44 816 129 56 25
