1 532 290 100 79
2 600 229 68 58
3 691 188 66 48
4 740 162 48 35
5 776.5 145 47 30
6 458 268 94 66
7 531.5 226 77 48
8 599.5 186 67 46
9 657 165 52 35
10 712.5 153 53 37
11 335 282 112 68
12 463.5 231 195 114
13 602 160 58 34
14 444.5 190 87 38
15 513.5 169 79 34
16 553.5 145 57 28
17 592.5 135 47 26
18 365.5 211 89 40
19 235.5 227 101 44
20 349 196 82 39
21 432 181 80 40
22 492.5 158 75 40
23 547 134 58 30
24 499.5 131 47 26
25 921 396 80 75
31 663.5 150 63 36
33 84 273 134 61
34 665 494 238 101
35 739.5 399 203 98
36 272.5 249 105 50
37 720 128 54 28
39 408.5 407 187 82
40 480.5 541 281 55
42 27 314 52 42
