1 517 301 108 82
2 589 238 72 61
3 685 189 66 46
4 736.5 164 51 36
5 776 145 46 31
6 425 287 108 71
7 506 239 82 52
8 599 188 64 45
9 656 163 52 33
10 712 146 52 29
11 189 394 140 104
12 410.5 259 217 131
13 599.5 161 57 33
14 448.5 195 75 39
15 502 165 60 32
16 553.5 149 55 30
17 591 135 46 25
18 364 217 88 36
19 236.5 223 101 41
20 351.5 198 81 41
21 435 180 74 39
22 485.5 155 63 37
23 542.5 133 43 29
24 497.5 130 49 25
31 662.5 146 59 32
33 84.5 271 135 59
34 926 464 70 80
35 795.5 394 205 91
36 271 245 108 43
37 719.5 131 55 30
39 490.5 408 185 82
41 782.5 119 61 23
42 113.5 294 141 56
43 391.5 163 73 31
44 805.5 127 57 21
45 25 255 48 38
