1 430.5 393 127 115
2 540 280 90 72
3 666 202 72 51
4 725 167 56 34
5 776 148 52 31
6 227.5 486 155 140
7 404 302 106 71
8 555 212 76 49
9 645.5 173 53 38
10 707.5 154 59 33
12 217 382 326 209
13 535 186 70 40
14 442.5 189 71 38
15 501 164 66 30
16 551 151 58 32
17 594 137 50 28
18 356.5 217 103 44
19 233 224 96 38
20 345.5 196 77 38
21 429 178 70 37
22 484 150 60 29
23 545 131 52 28
24 498 128 54 21
31 623 155 66 32
33 83.5 273 127 58
35 884 395 154 91
36 244 261 112 50
37 708 133 54 28
39 632.5 404 183 78
41 780 125 58 26
42 121.5 288 117 51
43 440 151 62 30
44 799.5 128 65 20
45 272 196 84 33
