1 535.5 289 97 81
2 603 227 70 58
3 692 184 64 47
4 738 158 48 35
5 780.5 142 49 31
6 461.5 262 97 63
7 531.5 222 77 47
8 601 185 70 47
9 659 162 54 36
10 712.5 144 55 30
11 335 275 114 62
12 464.5 230 195 115
13 602 162 58 38
14 333.5 219 85 41
15 514.5 161 61 36
16 557 142 52 28
17 592 132 48 27
18 134 263 124 50
19 237 220 100 41
20 346 189 70 36
21 426.5 173 77 36
22 483 152 68 36
23 543 130 56 31
24 307 176 78 33
25 220 415 198 79
26 504 505 222 97
27 753 417 202 85
30 152.5 497 241 91
31 763.5 129 59 32
