1 514.5 303 109 83
2 589 238 72 59
3 684 190 66 46
4 737 165 52 37
5 777.5 144 45 30
6 421.5 287 107 67
7 505 241 82 53
8 599 190 64 49
9 655 165 52 35
10 711.5 152 53 35
11 169.5 405 141 104
12 403.5 264 213 136
13 599 163 54 34
14 449.5 196 85 42
15 502 161 62 30
16 552.5 148 55 31
17 591 133 50 24
18 370 213 88 40
19 234.5 222 97 40
20 348.5 196 77 38
21 433 179 74 39
22 484 150 60 33
23 544.5 132 43 29
24 499.5 133 47 28
31 662 145 62 32
33 84 273 136 62
34 933.5 462 55 75
35 801.5 396 207 94
36 272.5 246 107 44
37 720.5 130 55 29
39 498.5 408 191 83
41 781.5 119 55 21
42 114.5 298 141 58
43 396.5 159 67 30
44 806 129 58 23
45 27 250 52 42
