1 532 293 98 81
2 600.5 231 73 58
3 692 189 68 47
4 737.5 161 49 32
5 777 148 44 33
6 457 269 96 66
7 533 226 74 46
8 599.5 188 65 45
9 657.5 166 53 34
10 713 151 52 32
11 336 283 114 68
12 463.5 233 197 114
13 601 167 58 39
14 457.5 189 89 43
15 526.5 170 75 39
16 553.5 150 59 29
17 594.5 136 51 26
18 366.5 212 89 40
19 235 226 102 43
20 347 194 74 37
21 431.5 177 75 36
22 488 155 74 35
23 545.5 136 53 30
24 500 130 48 24
25 919.5 399 83 76
31 663 147 60 33
33 83.5 271 137 57
34 564.5 499 241 100
35 699 393 206 91
36 271 246 102 45
37 721.5 129 55 29
38 881 541 160 69
39 286.5 407 195 78
40 142 541 282 79
