1 481.5 335 109 97
2 564.5 259 77 66
3 678.5 196 65 49
4 731 162 50 33
5 777.5 144 49 29
6 343.5 352 113 91
7 472 256 88 55
8 590 193 66 46
9 651.5 168 51 36
10 711.5 149 53 30
12 318 311 270 158
13 572.5 171 63 35
14 438 188 82 35
15 500.5 167 65 33
16 554 150 56 30
17 593 137 48 28
18 357.5 227 89 43
19 237.5 227 101 43
20 345.5 200 89 41
21 427 172 70 30
22 486.5 150 59 30
23 545.5 133 49 27
24 498.5 133 47 24
31 650.5 149 63 31
33 84 270 136 55
35 868 394 186 91
36 270 261 116 47
37 719.5 131 57 28
39 586.5 406 181 81
41 784.5 121 63 24
42 118 294 130 53
43 435 150 58 26
44 804.5 131 61 23
45 189 215 92 37
