3 504.5 330 113 93
4 628 227 70 49
5 730.5 166 57 32
9 514 243 80 49
10 606 196 68 43
13 135.5 418 153 107
14 444 192 74 37
15 498.5 170 67 32
16 552.5 151 55 29
17 592 138 50 25
18 365 216 88 42
19 236 229 100 41
20 348 200 78 37
21 430.5 179 67 35
22 486.5 151 57 29
23 546.5 136 51 29
24 498.5 134 49 25
31 400 255 96 59
33 83.5 272 137 56
36 272 252 106 46
37 573.5 176 65 42
39 830.5 403 181 77
41 683 141 58 29
42 122 296 138 53
43 440.5 151 57 28
44 730.5 147 55 28
45 362.5 172 73 26
46 796.5 127 55 25
