1 244 541 160 92
2 444.5 380 119 110
3 628.5 229 81 58
4 702.5 177 57 36
5 767 150 48 33
7 172.5 502 167 136
8 451 275 98 73
9 617 182 58 36
10 686.5 155 59 30
12 101 470 200 226
13 430 232 82 49
14 443.5 187 73 36
15 500.5 169 65 35
16 551 153 56 32
17 591 136 50 25
18 364.5 218 91 43
19 236 230 100 46
20 346 197 80 37
21 429.5 176 69 35
22 485.5 150 59 30
23 545.5 134 51 26
24 499 133 48 24
31 566.5 175 69 37
33 84.5 271 135 56
35 923.5 395 75 89
36 272 249 110 47
37 662.5 144 57 33
39 699 405 184 82
41 765.5 125 59 23
42 108 306 160 66
43 437.5 146 53 25
44 800 132 50 23
45 341 181 82 32
