1 436.5 384 123 110
2 543 279 88 74
3 668 202 72 51
4 725.5 166 55 33
5 776 147 50 29
6 245 464 146 131
7 413.5 298 105 71
8 560.5 209 73 48
9 646 172 52 37
10 707.5 152 57 31
12 229.5 373 315 205
13 539 184 68 39
14 443.5 189 75 38
15 499.5 166 67 32
16 551 150 58 31
17 591.5 138 49 27
18 359 216 102 42
19 236 224 104 38
20 348 200 82 40
21 430.5 176 67 35
22 486 149 60 28
23 545.5 133 53 29
24 499 129 52 22
31 626 156 64 33
33 82.5 272 129 57
35 882 396 158 91
36 246 265 116 53
37 710 132 58 28
39 628.5 405 185 80
41 779 124 56 24
42 123.5 292 137 56
43 438.5 150 61 29
44 803.5 127 57 21
45 265.5 200 91 37
