1 413.5 411 129 125
2 531 289 94 80
3 663.5 206 75 53
4 722 166 54 31
5 774 146 54 29
6 200 524 168 156
7 388 315 110 74
8 548 214 80 50
9 643 173 56 38
10 706 154 56 33
12 195.5 393 341 215
13 526 187 74 38
14 443.5 192 79 42
15 499.5 167 67 32
16 553.5 151 59 33
17 590.5 137 53 27
18 360.5 215 101 46
19 240 226 104 40
20 345.5 197 81 38
21 430 175 66 35
22 486 148 58 29
23 548.5 134 55 29
24 500.5 130 51 22
31 617 156 68 32
33 83.5 274 127 60
35 888 397 146 93
36 268 263 128 55
37 704 135 58 29
39 637 404 188 81
41 781.5 120 63 22
42 112 304 132 66
43 441.5 145 63 22
44 799.5 130 61 23
45 278 193 80 34
