1 529.5 293 97 81
2 594 236 78 61
3 689 188 68 48
4 736.5 163 53 35
5 775.5 145 47 30
6 447.5 274 99 68
7 530 227 80 50
8 600.5 186 67 44
9 656 164 52 34
10 710.5 151 55 33
11 300 299 120 67
12 454.5 235 193 116
13 601.5 165 57 38
14 448 187 84 38
15 511 172 74 39
16 552 147 56 29
17 590 137 48 29
18 364 212 82 42
19 236 226 98 43
20 344 194 72 38
21 422 177 74 36
22 482.5 155 79 36
23 541.5 128 43 24
24 499.5 134 53 27
25 929 392 64 69
31 662 140 58 25
33 84 266 134 55
34 862.5 481 197 94
35 746.5 398 207 95
36 269.5 245 109 45
37 720.5 130 55 29
39 459 406 190 82
41 784.5 117 63 20
42 91.5 299 143 55
43 248 196 96 34
44 809.5 126 57 22
