1 531.5 294 99 81
2 600.5 232 73 59
3 689 189 64 48
4 738.5 164 51 34
5 776 147 48 31
6 457 270 94 65
7 532.5 228 75 48
8 601 190 66 47
9 656.5 166 53 35
10 711 153 54 33
11 337.5 279 113 60
12 463.5 232 197 111
13 600.5 167 55 37
14 445.5 192 77 37
15 513 168 64 31
16 559 150 52 29
17 592 137 46 26
18 364 215 88 43
19 236 227 102 43
20 343 196 70 38
21 424 176 66 35
22 486 154 70 34
23 545 135 48 30
24 498.5 132 47 25
25 899.5 395 123 72
31 661 148 62 33
32 914 457 94 82
33 84 270 134 56
34 467.5 497 239 94
35 575.5 395 207 90
36 272 248 108 48
37 727.5 132 55 30
38 515 541 270 64
39 97.5 409 193 75
