1 501.5 313 107 87
2 578.5 248 73 64
3 681.5 194 67 49
4 737.5 165 55 37
5 776.5 145 45 28
6 393.5 307 107 74
7 490.5 246 81 54
8 599 188 64 45
9 654.5 163 49 32
10 711.5 149 53 30
11 80.5 518 159 147
12 365 284 244 141
13 587.5 165 59 33
14 450 196 90 40
15 503 165 58 32
16 552.5 148 57 30
17 590.5 132 49 24
18 376.5 221 103 42
19 235.5 222 97 40
20 356.5 193 87 35
21 427 175 74 35
22 485.5 148 57 30
23 544 132 48 28
24 499.5 133 49 26
31 659.5 145 61 29
33 84 269 134 58
35 852 397 218 95
36 276.5 248 113 46
37 720 132 56 31
39 543 406 186 81
41 783 120 58 23
42 117 295 138 58
43 426 150 64 27
44 803 128 60 23
45 107.5 229 137 39
