1 467.5 350 111 99
2 556 265 82 68
3 674 196 68 47
4 729 165 52 34
5 775.5 147 45 30
6 306 386 124 101
7 454.5 270 91 60
8 579.5 198 71 45
9 650 167 54 33
10 710.5 153 55 33
12 282.5 335 287 176
13 559.5 177 67 36
14 442 189 74 35
15 500.5 166 65 31
16 552 149 56 30
17 590 134 46 25
18 357.5 226 97 45
19 233.5 230 95 44
20 345.5 207 87 47
21 430 172 64 31
22 487.5 151 59 31
23 545 131 48 27
24 500 131 48 24
31 640 152 62 33
33 84 266 132 50
35 873.5 395 175 92
36 263.5 260 105 43
37 716.5 131 57 28
39 605.5 405 183 79
41 781.5 123 57 23
42 119 293 134 52
43 437 152 60 30
44 802 128 62 22
45 229.5 206 99 36
