3 359 492 166 160
4 547 292 82 67
5 682 191 62 38
9 403.5 321 107 74
10 532 233 78 50
14 439.5 193 65 35
15 500.5 169 61 30
16 554 154 60 31
17 592.5 141 45 28
18 362.5 216 87 40
19 238 228 98 39
20 345 201 78 40
21 432.5 175 65 31
22 486 156 58 32
23 546 139 46 32
24 499 135 46 27
31 201.5 378 149 96
33 83.5 273 131 56
36 270.5 255 103 47
37 480.5 212 79 53
39 902 397 118 72
41 618.5 160 59 34
42 120.5 298 135 56
43 440 149 54 24
44 665.5 172 63 34
45 365 173 72 28
46 745 135 54 28
47 820.5 127 49 24
