1 529.5 293 97 81
2 594 236 78 61
3 689 188 68 48
4 736 163 54 35
5 775 145 48 30
6 447 275 100 68
7 530.5 227 81 50
8 600.5 186 67 44
9 656 164 52 34
10 710.5 151 55 33
11 298 300 120 67
12 453.5 235 193 116
13 601 166 56 39
14 448 187 84 38
15 513 171 74 39
16 551.5 148 55 30
17 590 138 48 30
18 363 212 80 42
19 236.5 226 97 44
20 344 194 72 38
21 420 177 74 36
22 482.5 153 81 35
23 542 127 42 22
24 500 134 54 27
25 930 391 62 68
31 663 138 58 23
33 84.5 265 133 55
34 864 482 194 95
35 747 398 206 95
36 269 244 110 45
37 720 131 54 30
39 459.5 407 191 83
41 784.5 117 63 20
42 92.5 297 143 54
43 252.5 194 95 33
44 809 125 58 22
