1 504.5 310 109 87
2 581.5 246 79 64
3 683 192 68 49
4 735.5 162 51 33
5 776 145 46 30
6 403.5 304 103 76
7 497.5 244 79 53
8 597.5 189 65 47
9 654 165 48 34
10 712 151 56 33
11 104 481 170 135
12 379 280 236 141
13 592.5 161 59 31
14 441.5 195 85 37
15 499 164 66 31
16 552.5 147 55 29
17 591.5 133 49 23
18 362 222 96 40
19 237 224 98 39
20 349.5 197 81 38
21 441 171 78 40
22 489 141 52 23
23 548 134 48 28
24 496.5 131 53 23
31 662 143 62 28
33 83 268 134 53
35 833 389 212 86
36 270.5 247 107 42
37 720 128 54 27
39 529 402 184 76
41 779 119 50 22
42 119 293 136 54
43 417 151 62 27
44 803 128 64 22
45 91 231 116 34
