1 531 295 98 81
2 596 237 72 62
3 689.5 186 67 45
4 737.5 161 51 32
5 777.5 146 47 30
6 454.5 271 91 68
7 532 226 74 47
8 599 185 68 41
9 657.5 166 53 35
10 711.5 151 55 33
11 334 283 112 65
12 463 233 192 112
13 602.5 162 59 33
14 451.5 189 75 39
15 511 168 66 34
16 554.5 147 53 28
17 590.5 135 49 26
18 372 214 104 44
19 236.5 227 99 43
20 350 196 82 38
21 428.5 178 77 38
22 486.5 155 75 36
23 543 131 52 25
24 499 133 50 27
25 921.5 398 79 75
31 663 146 62 32
33 85.5 265 135 52
34 770.5 486 237 94
35 743.5 397 203 94
36 269 248 108 47
37 721.5 132 55 31
39 456.5 407 185 80
40 829.5 541 263 49
41 782 125 58 27
42 57.5 310 113 52
43 48.5 249 95 45
