1 532.5 291 97 80
2 600.5 232 73 62
3 689.5 184 65 43
4 739 161 50 34
5 778 146 44 31
6 458 269 94 67
7 533.5 228 75 51
8 599.5 188 65 46
9 656.5 164 53 34
10 712.5 151 55 33
11 335.5 280 113 65
12 462.5 231 193 113
13 603 161 60 35
14 456 187 86 36
15 528.5 161 67 30
16 553.5 147 57 28
17 591 137 48 29
18 365.5 210 93 40
19 236 226 100 44
20 343 196 72 39
21 431 176 76 35
22 487.5 153 73 33
23 546.5 131 53 28
24 500.5 134 53 28
25 922 401 78 77
31 663 146 60 32
33 84.5 272 137 60
34 607.5 497 239 102
35 724 395 208 93
36 272.5 249 107 47
37 721.5 136 55 35
39 353.5 405 189 78
40 289.5 541 285 69
