1 533.5 289 97 80
2 602 228 70 60
3 691.5 186 67 50
4 739.5 159 51 35
5 780 141 48 31
6 459.5 263 95 63
7 533 222 80 48
8 600.5 186 69 47
9 658 158 54 32
10 712.5 145 53 31
11 332 274 110 62
12 464 231 194 117
13 601.5 160 57 36
14 323.5 223 91 41
15 508 160 60 35
16 555.5 144 55 29
17 591.5 132 49 27
18 132 260 124 48
19 237 221 98 42
20 345.5 191 73 39
21 427.5 166 75 35
22 483.5 153 69 37
23 542.5 128 59 29
24 296 177 82 32
25 194 413 204 77
26 470 503 224 94
27 731 417 200 84
28 941.5 476 39 84
30 124 501 246 97
31 769.5 130 61 34
