1 533 292 100 80
2 600 230 72 58
3 689 188 66 48
4 736.5 161 49 32
5 777.5 142 45 28
6 457 269 90 65
7 531.5 224 79 47
8 599.5 187 67 44
9 657 163 50 32
10 713.5 146 51 29
11 337.5 277 113 59
12 462 231 192 115
13 600.5 165 55 38
14 445 191 66 32
15 506.5 172 69 32
16 548.5 147 57 28
17 592.5 137 47 27
18 365.5 209 89 36
19 236.5 224 99 40
20 344.5 193 71 36
21 426.5 177 69 37
22 480.5 150 59 31
23 546.5 132 47 28
24 497.5 130 47 22
25 862.5 396 197 73
31 663 147 60 32
32 634.5 447 201 88
33 83.5 268 135 57
34 317 507 240 102
35 307 399 212 87
36 256.5 254 109 49
37 749.5 130 55 30
