1 533.5 292 101 79
2 600.5 231 73 58
3 690.5 189 65 47
4 738 163 50 33
5 776.5 146 47 30
6 458.5 272 97 67
7 531 229 76 50
8 600.5 189 67 44
9 657.5 167 53 35
10 712.5 153 55 32
11 337.5 281 115 63
12 464.5 231 195 112
13 601.5 165 57 36
14 456.5 199 83 39
15 516.5 171 71 34
16 554.5 149 57 28
17 591.5 137 47 27
18 368.5 212 97 40
19 236 229 100 43
20 348.5 198 79 40
21 432.5 178 77 35
22 487.5 157 67 38
23 545 138 54 32
24 499 136 52 28
25 911.5 397 99 74
31 661 150 62 35
33 85 273 134 59
34 518 498 240 97
35 650.5 396 207 92
36 272 249 110 48
37 724 135 54 32
38 741 541 268 65
39 200.5 410 189 78
40 67.5 541 133 86
