1 532.5 291 97 80
2 602.5 229 69 57
3 692.5 186 65 46
4 738.5 161 51 33
5 778 144 46 30
6 457.5 271 93 68
7 533.5 224 73 46
8 599 185 64 43
9 658 162 52 33
10 713 148 52 31
11 336.5 279 113 61
12 462.5 231 191 113
13 601 163 58 36
14 447 185 60 32
15 502 170 68 32
16 552.5 146 55 27
17 592.5 132 45 24
18 341.5 218 91 42
19 237 226 102 44
20 344.5 193 69 36
21 423.5 176 69 36
22 483 148 58 30
23 544.5 135 55 30
24 471.5 140 51 28
25 763.5 398 189 72
26 941.5 436 39 68
30 766.5 508 245 99
31 663 145 60 32
32 384 433 202 82
33 64.5 271 127 54
34 123 504 244 96
35 99 403 196 87
36 71.5 305 141 53
