1 533 289 100 77
2 600 232 74 60
3 691 186 68 45
4 739 160 50 32
5 778.5 147 47 32
6 457 271 96 67
7 533 228 74 49
8 600.5 188 69 46
9 658 165 54 36
10 711.5 153 55 34
11 337 281 116 64
12 463 231 194 111
13 600.5 162 57 35
14 456 187 88 37
15 523 164 66 33
16 556.5 147 53 28
17 593.5 138 49 29
18 367 210 94 40
19 236.5 226 101 43
20 347.5 195 77 39
21 429.5 180 79 39
22 488.5 154 73 35
23 546.5 140 53 35
24 498 134 48 28
25 920.5 398 81 76
31 664 146 60 33
33 84 275 134 63
34 585.5 496 239 100
35 711.5 394 207 92
36 270.5 249 107 48
37 722 133 54 31
38 918.5 541 85 68
39 319.5 408 193 82
40 209 541 280 72
