1 532 292 98 79
2 600.5 233 71 59
3 689 190 64 49
4 738.5 163 49 34
5 776.5 146 49 30
6 457.5 272 91 67
7 533.5 227 75 47
8 600 191 68 48
9 656 167 54 36
10 711 152 54 33
11 337 279 112 60
12 464.5 232 199 110
13 599.5 165 53 35
14 442 192 78 37
15 507 166 64 31
16 558.5 149 53 28
17 592.5 138 47 27
18 361 214 84 43
19 235.5 227 101 44
20 343.5 195 71 37
21 420 176 66 36
22 484 154 70 35
23 545.5 135 49 32
24 501 135 50 27
25 897.5 394 127 72
31 660 146 62 31
32 907 455 108 81
33 83 269 134 55
34 459.5 495 239 92
35 564.5 393 207 88
36 273 248 108 47
37 728 133 54 31
38 484.5 541 269 65
39 91 410 180 74
