1 531 293 98 81
2 594.5 236 75 60
3 689.5 188 67 45
4 738 163 50 36
5 776.5 145 45 29
6 451.5 274 97 70
7 532.5 226 79 49
8 599.5 184 65 41
9 657 163 52 32
10 712.5 148 53 29
11 319 290 116 65
12 459.5 233 193 113
13 601.5 163 55 35
14 439 193 84 37
15 507.5 175 75 37
16 554 149 58 30
17 591.5 138 47 30
18 362.5 212 83 42
19 236.5 224 101 41
20 345.5 197 75 40
21 422.5 177 71 37
22 486.5 160 71 42
23 544 135 54 31
24 500.5 131 45 25
25 924 395 74 70
31 662.5 149 61 36
33 85 264 136 54
34 842 484 238 98
35 743 395 212 93
36 270.5 247 109 47
37 719 128 56 27
39 460 408 188 84
41 780 120 56 23
42 75 301 148 54
43 177.5 215 101 39
44 815.5 128 51 24
