1 531.5 292 99 80
2 593.5 238 75 62
3 689.5 188 65 47
4 737.5 164 51 34
5 775.5 144 47 28
6 454 271 100 67
7 532 225 76 47
8 600.5 188 71 45
9 658 166 54 35
10 711.5 150 53 31
11 329 285 114 66
12 462.5 232 193 113
13 601 162 56 34
14 447.5 190 83 39
15 510.5 171 73 35
16 553 147 60 29
17 591.5 137 47 27
18 366.5 212 91 41
19 235 225 102 42
20 348.5 195 81 37
21 425 178 76 37
22 486.5 155 73 36
23 549.5 135 53 30
24 499 133 46 27
25 922 401 78 78
31 662.5 145 61 30
33 83.5 262 135 49
34 799 483 240 93
35 744 394 206 91
36 269.5 250 109 48
37 720 132 56 30
39 459 406 186 81
40 879 541 164 51
41 778.5 125 55 26
42 66 308 130 55
43 101 230 114 39
44 818 128 56 24
