1 337.5 503 161 160
2 495 324 104 90
3 651 211 74 51
4 716 173 56 35
5 773.5 148 51 30
6 86.5 541 127 29
7 301.5 381 133 93
8 507.5 235 85 55
9 635 179 60 39
10 698.5 156 55 33
12 145.5 458 289 250
13 484.5 210 77 45
14 445 186 76 35
15 500 166 66 33
16 554 150 66 31
17 591 138 48 29
18 363 215 88 43
19 237 230 98 44
20 346 197 78 38
21 430 174 66 33
22 484.5 151 59 32
23 544 136 52 30
24 502 133 46 27
31 592 166 66 37
33 83.5 269 131 58
35 905 395 112 90
36 261 249 124 47
37 684 137 58 30
39 667 403 186 78
41 775.5 123 55 22
42 116 296 136 58
43 442 146 60 24
44 800 132 56 24
45 316.5 187 75 34
