1 532 287 98 81
2 600.5 225 75 56
3 691 185 66 50
4 740 160 52 36
5 785 139 52 30
6 458 261 94 60
7 534 221 78 47
8 600 183 72 46
9 656.5 157 55 31
10 711 144 52 30
11 339 268 110 54
12 464 223 188 109
13 601 160 60 38
14 242 253 110 47
15 511.5 159 61 36
16 557.5 139 45 26
17 590.5 129 47 27
18 119.5 258 119 44
19 236.5 216 101 37
20 341.5 188 63 38
21 433 163 58 31
22 485 147 66 33
23 548 128 54 30
24 225.5 197 95 39
25 65.5 408 129 75
26 270 518 232 101
27 577.5 422 209 90
28 866 487 190 91
29 949 377 24 63
30 38.5 501 75 88
