1 532.5 289 95 80
2 601.5 228 71 59
3 692 184 64 46
4 739.5 159 47 33
5 776.5 144 47 32
6 458.5 265 93 64
7 531.5 222 77 48
8 600 185 68 45
9 658 161 54 34
10 711.5 148 55 32
11 336 273 110 60
12 463 227 188 111
13 602 160 58 35
14 386.5 198 69 36
15 516 165 68 34
16 553 143 56 27
17 590 136 48 29
18 173.5 254 125 47
19 237.5 218 97 38
20 342.5 192 67 37
21 435 174 66 38
22 486 150 64 35
23 545 131 54 30
24 366.5 163 71 32
25 382 415 196 80
26 692 486 208 90
27 880.5 414 161 85
30 321.5 500 233 95
31 723.5 130 61 27
32 33 428 64 70
33 10 279 18 40
