1 520 300 104 84
2 591 238 74 61
3 686 191 68 50
4 737 161 50 33
5 776.5 144 43 29
6 428.5 284 99 68
7 511.5 235 81 51
8 601 186 64 43
9 656.5 166 53 36
10 712 152 54 33
11 213 372 132 96
12 418.5 254 213 125
13 601.5 162 57 34
14 441.5 197 83 37
15 499 173 72 35
16 554 149 52 31
17 592.5 134 49 28
18 365 219 92 39
19 236 225 100 42
20 351 194 78 35
21 427.5 182 75 41
22 484 150 58 31
23 543 131 44 27
24 497 128 48 23
31 663.5 144 61 30
33 85.5 265 135 54
34 915 478 92 96
35 788 397 206 94
36 268.5 245 103 44
37 720.5 130 53 28
39 479 406 188 81
41 786 119 66 21
42 111 297 136 57
43 374.5 166 75 31
44 804 128 58 23
