1 532 292 100 80
2 600 230 72 58
3 689 188 66 48
4 737 160 48 31
5 777.5 142 45 28
6 457.5 269 91 65
7 531 224 80 47
8 599 188 68 45
9 657.5 163 49 32
10 713.5 146 51 29
11 338.5 278 113 60
12 462 231 192 115
13 601 166 54 39
14 446 191 66 32
15 506.5 172 69 32
16 546.5 147 59 29
17 593 138 46 28
18 366.5 209 91 36
19 236.5 224 99 39
20 344.5 194 71 37
21 428 177 70 37
22 480 149 56 30
23 548 133 46 28
24 497.5 130 47 22
25 861.5 395 199 72
31 664 146 60 31
32 627.5 446 199 87
33 82.5 269 135 58
34 313.5 507 239 102
35 302 397 212 86
36 255.5 255 109 50
37 750.5 131 55 31
