1 384.5 447 143 138
2 519 300 96 80
3 659.5 208 71 52
4 719.5 170 53 36
5 774.5 148 51 32
6 148.5 541 173 118
7 353.5 338 117 80
8 532 223 80 54
9 640 176 56 40
10 702.5 153 57 32
12 167 430 332 242
13 508.5 194 71 38
14 443.5 189 75 35
15 500.5 166 67 31
16 553 150 60 32
17 591.5 138 49 28
18 363.5 215 91 40
19 234 222 96 39
20 346.5 197 79 38
21 430 176 68 34
22 488 151 62 31
23 547 132 54 29
24 499.5 130 51 23
31 607.5 161 67 35
33 83.5 270 137 57
35 896.5 395 129 91
36 258.5 254 127 53
37 696 134 60 29
39 650 401 182 78
41 780.5 123 63 24
42 122 303 138 63
43 441.5 151 61 28
44 806 129 54 23
45 295.5 188 77 34
