1 535 288 98 78
2 602 228 72 60
3 691 183 66 46
4 738.5 158 49 32
5 777.5 142 49 30
6 457.5 269 93 69
7 532 224 72 50
8 601 183 66 43
9 656.5 160 51 33
10 711.5 145 49 31
11 336.5 277 115 62
12 466 228 196 111
13 601.5 160 57 36
14 436.5 194 77 36
15 508.5 166 67 32
16 553 144 58 29
17 589.5 132 51 24
18 305 230 106 43
19 233.5 221 97 39
20 343.5 193 69 39
21 421.5 172 69 34
22 483 151 64 33
23 545.5 131 55 29
24 445.5 142 49 28
25 682 401 190 74
26 901 455 120 91
30 631 502 238 97
31 671.5 137 57 27
32 258 426 198 75
33 47.5 277 93 55
34 65.5 504 129 96
35 40 402 78 86
