1 485.5 331 107 94
2 567.5 257 77 65
3 678 195 66 50
4 732.5 162 51 33
5 777.5 143 49 29
6 352 344 114 89
7 475.5 256 87 56
8 591 192 66 45
9 652 167 50 35
10 712 148 52 30
12 328 307 268 159
13 575.5 169 65 34
14 437 187 84 34
15 500 166 64 32
16 554 150 58 30
17 592 136 48 27
18 362.5 226 95 44
19 236.5 225 101 41
20 346.5 200 87 41
21 426 173 72 31
22 486.5 149 59 29
23 546.5 131 51 26
24 499 133 50 24
31 652 147 62 30
33 83 269 136 55
35 866 395 190 92
36 272.5 258 117 46
37 720 130 56 28
39 579.5 406 183 82
41 785 120 64 23
42 118.5 293 135 52
43 434.5 152 59 28
44 804.5 130 61 23
45 178 217 94 37
