1 533.5 291 97 83
2 601 228 72 60
3 691 187 64 50
4 737.5 160 49 36
5 777.5 143 47 31
6 456.5 269 93 70
7 536.5 223 75 49
8 600.5 187 67 47
9 657.5 163 55 36
10 711.5 146 53 31
11 334 272 108 57
12 463.5 229 195 115
13 603 159 56 35
14 402.5 201 63 35
15 523.5 164 63 34
16 556 141 54 27
17 591.5 132 51 28
18 198 250 116 50
19 237 216 98 38
20 346.5 193 71 40
21 433 166 64 32
22 483.5 146 59 34
23 545.5 130 55 31
24 390.5 155 71 30
25 454 411 198 79
26 757 481 208 94
27 909.5 412 103 82
30 400 502 238 100
31 708.5 129 63 26
32 67 421 132 75
33 17 281 32 45
