1 532 289 96 81
2 600 228 72 59
3 691 185 64 48
4 739 160 52 36
5 778 142 48 30
6 455.5 268 91 69
7 531 220 78 46
8 599.5 182 67 41
9 657.5 161 55 36
10 711.5 145 51 32
11 335.5 276 113 61
12 463 227 192 111
13 601.5 160 59 37
14 401.5 199 61 31
15 509.5 164 63 33
16 556.5 144 51 28
17 590.5 130 49 27
18 212 250 114 48
19 235 215 100 37
20 343.5 193 71 40
21 429 170 66 34
22 483 149 64 35
23 544.5 132 57 32
24 400.5 151 67 27
25 487 411 196 79
26 782.5 476 201 89
27 922.5 408 77 79
30 433 501 242 99
31 700.5 133 63 29
32 81.5 424 161 76
33 22 280 42 45
