1 531.5 290 95 82
2 601 228 70 59
3 692 184 64 45
4 740 160 46 33
5 777.5 145 47 33
6 460 266 94 65
7 532.5 223 77 49
8 602.5 185 67 43
9 657.5 160 55 33
10 710.5 148 55 33
11 337.5 272 111 58
12 463.5 229 187 113
13 603 158 56 32
14 389.5 197 67 35
15 517.5 162 67 34
16 553 143 54 26
17 589 135 48 28
18 177 253 128 45
19 238.5 216 97 36
20 342 192 68 37
21 437.5 174 65 39
22 483 151 64 36
23 544.5 130 53 30
24 370 160 68 30
25 394.5 412 195 78
26 705.5 482 209 87
27 887.5 411 147 81
30 336.5 498 237 93
31 720.5 132 61 29
32 39.5 427 77 72
33 11.5 278 21 39
