1 532.5 291 99 78
2 595.5 236 73 61
3 689.5 187 67 45
4 738 164 50 35
5 775.5 146 45 31
6 458 271 96 67
7 532.5 224 71 45
8 600 186 66 42
9 659 167 54 36
10 712 153 54 34
11 335.5 281 119 63
12 463 235 192 119
13 602.5 165 59 37
14 455.5 187 85 39
15 513.5 167 71 37
16 555 147 54 30
17 590 135 48 25
18 372 211 102 43
19 235.5 226 99 43
20 349.5 195 81 38
21 429.5 177 79 37
22 486 153 74 34
23 545.5 137 55 31
24 500 134 50 27
25 921.5 397 79 75
31 664 152 62 39
33 83.5 265 133 53
34 746 488 240 96
35 744 397 208 94
36 271 246 108 47
37 720 131 56 30
39 449.5 403 187 77
40 764.5 541 277 49
41 781 131 58 33
42 52 310 102 50
43 28 249 54 33
