1 535 289 98 77
2 601.5 228 71 58
3 691 186 66 45
4 740 161 48 33
5 778 145 46 30
6 459 266 96 62
7 533.5 224 75 46
8 601.5 188 65 44
9 657.5 165 51 33
10 711 148 52 31
11 336.5 278 113 61
12 463.5 236 193 120
13 601 164 56 38
14 446 190 66 32
15 506.5 171 69 32
16 552 148 58 29
17 592 133 48 25
18 362 210 82 38
19 235.5 228 101 44
20 345.5 197 71 38
21 422 172 62 31
22 476.5 151 61 32
23 549 134 48 30
24 494.5 133 43 26
25 849.5 397 193 74
31 663.5 146 61 32
32 600 444 204 89
33 82.5 270 135 58
34 300 502 244 95
35 283 403 216 91
36 247 255 110 46
37 754.5 128 55 29
