3 516 319 110 89
4 635.5 221 69 47
5 733.5 164 55 32
8 67.5 541 133 87
9 522 239 78 49
10 612 192 66 42
13 160.5 400 145 100
14 445 191 74 36
15 499.5 169 67 31
16 550.5 150 53 29
17 592 139 50 26
18 364.5 218 89 44
19 236.5 227 99 39
20 348 202 78 39
21 431 180 68 36
22 486 151 56 29
23 547 137 50 29
24 498.5 134 49 25
31 414 249 94 58
33 84 273 138 58
36 272.5 251 107 44
37 579 172 62 41
39 821 404 182 78
41 690 140 58 28
42 122 296 138 53
43 441.5 150 59 27
44 737 145 56 27
45 363 174 74 28
46 801.5 127 55 26
