3 246.5 541 197 120
4 486.5 345 105 82
5 649.5 210 69 44
9 308.5 391 129 97
10 485.5 263 91 59
14 442.5 192 73 36
15 498 172 66 33
16 553.5 153 57 29
17 591.5 137 49 23
18 364.5 220 87 43
19 235 228 104 40
20 346.5 199 79 36
21 430.5 175 69 32
22 485 153 60 31
23 544.5 138 51 29
24 498 133 48 22
31 67.5 497 133 131
33 83.5 269 131 53
36 269.5 256 107 49
37 416.5 242 89 62
39 926.5 405 69 79
41 584.5 172 61 36
42 121 298 136 56
43 442 151 62 26
44 623 191 66 41
45 366 172 70 27
46 717.5 138 53 27
47 796 135 46 30
