2 341.5 507 157 156
3 590.5 255 89 66
4 683 190 60 39
5 758 154 52 33
8 340.5 356 121 100
9 584.5 200 65 39
10 662.5 168 59 35
12 30 477 58 156
13 342.5 276 103 61
14 443.5 191 71 38
15 500.5 170 65 32
16 551.5 153 53 33
17 591 136 48 27
18 364.5 218 91 42
19 235.5 229 101 43
20 345.5 198 75 37
21 428.5 175 67 33
22 484.5 151 57 30
23 546 135 54 29
24 497 131 50 25
31 513 197 74 43
33 83 272 132 55
35 941.5 392 39 86
36 268.5 250 105 45
37 633.5 153 59 36
39 746 403 184 79
41 742.5 128 57 24
42 120 297 140 58
43 440 150 60 27
44 781.5 137 53 25
45 354 177 80 31
